30
0 135 135 774 Person
90 361 124 402 Person
127 148 221 401 Person
142 624 311 799 Person
185 298 230 375 Person
189 368 241 397 Person
218 336 277 404 Person
238 305 274 361 Person
259 135 341 323 Person
311 349 387 402 Person
329 122 410 269 Person
364 338 394 390 Person
382 304 456 375 Person
386 144 437 299 Person
408 349 471 396 Person
424 150 506 318 Person
460 306 499 344 Person
474 34 625 398 Person
511 320 556 394 Person
691 290 736 356 Person
725 338 791 408 Person
753 283 796 336 Person
782 310 831 385 Person
815 372 871 652 Person
819 328 881 379 Person
865 349 919 426 Person
876 306 931 411 Person
930 287 1007 394 Person
931 354 999 416 Person
992 346 1023 416 Person
