26
0 490 33 577 Person
39 477 85 554 Person
40 514 81 611 Person
74 502 119 581 Person
117 500 167 597 Person
186 506 225 589 Person
208 536 252 623 Person
291 534 344 622 Person
311 522 346 609 Person
362 512 389 603 Person
414 534 449 611 Person
437 542 483 631 Person
451 526 472 542 Person
496 522 533 600 Person
538 538 586 627 Person
588 529 620 594 Person
600 545 622 618 Person
666 533 693 619 Person
682 557 707 638 Person
689 565 736 667 Person
720 529 737 582 Person
736 537 766 617 Person
760 529 789 600 Person
769 542 812 615 Person
860 526 901 595 Person
883 533 920 617 Person
