22
28 424 81 616 Person
89 410 149 607 Person
126 393 168 577 Person
174 308 376 799 Person
251 364 304 573 Person
325 379 366 573 Person
374 373 416 564 Person
416 389 456 549 Person
448 352 535 648 Person
524 429 581 528 Person
540 370 583 448 Person
583 375 626 528 Person
638 421 700 630 Person
704 375 736 439 Person
746 342 827 680 Person
811 360 853 517 Person
874 369 904 476 Person
892 370 917 463 Person
913 379 933 467 Person
933 375 947 448 Person
949 373 967 457 Person
967 253 1023 796 Person
