38
110 434 149 495 Person
206 426 236 498 Person
300 376 305 391 Person
348 441 364 470 Person
357 369 364 386 Person
368 450 386 469 Person
377 434 407 498 Person
378 382 385 400 Person
387 385 394 397 Person
392 390 398 400 Person
426 359 433 374 Person
434 359 440 372 Person
456 358 458 370 Person
460 354 464 369 Person
463 356 468 369 Person
468 355 472 370 Person
474 356 479 373 Person
492 433 532 496 Person
550 385 554 398 Person
555 386 558 397 Person
565 393 568 403 Person
584 392 586 400 Person
587 390 593 403 Person
587 433 630 503 Person
597 392 602 401 Person
603 392 607 398 Person
606 390 612 400 Person
631 411 638 424 Person
641 410 649 424 Person
653 410 661 422 Person
659 428 688 498 Person
665 398 672 416 Person
666 409 682 422 Person
717 424 754 495 Person
801 426 840 491 Person
833 420 847 440 Person
853 411 862 438 Person
963 382 976 412 Person
