30
5 2 27 24 Bird
35 3 65 24 Bird
88 133 110 150 Bird
115 227 128 244 Bird
129 44 147 62 Bird
131 12 146 34 Bird
141 179 154 189 Bird
193 148 225 176 Bird
206 0 224 24 Bird
225 144 246 159 Bird
232 96 246 110 Bird
251 59 272 79 Bird
259 18 281 42 Bird
304 159 322 171 Bird
334 59 356 79 Bird
346 105 364 122 Bird
357 18 380 36 Bird
363 73 380 88 Bird
398 88 417 110 Bird
433 85 446 100 Bird
503 208 519 228 Bird
535 199 547 214 Bird
541 157 557 171 Bird
593 114 611 129 Bird
618 24 637 41 Bird
722 8 746 30 Bird
752 131 764 142 Bird
797 0 822 12 Bird
835 79 855 94 Bird
872 90 885 105 Bird
