29
702 542 816 656 Bird
0 465 40 514 Bird
0 598 53 626 Bird
2 230 92 353 Bird
166 89 254 184 Bird
184 356 203 376 Bird
209 254 276 350 Bird
300 712 354 744 Bird
314 120 422 309 Bird
335 417 418 452 Bird
385 254 450 374 Bird
387 624 442 684 Bird
409 514 468 562 Bird
439 610 536 658 Bird
456 46 495 80 Bird
488 181 600 306 Bird
558 57 601 109 Bird
588 414 646 473 Bird
593 112 695 174 Bird
647 644 693 674 Bird
719 252 780 388 Bird
733 290 825 386 Bird
741 26 855 86 Bird
824 332 993 396 Bird
860 393 938 502 Bird
893 514 942 549 Bird
977 356 1022 401 Bird
995 16 1022 61 Bird
1007 104 1022 154 Bird
