92
0 487 21 501 Bird
0 464 27 484 Bird
3 164 24 181 Bird
32 539 45 550 Bird
59 528 79 539 Bird
64 531 95 548 Bird
79 422 116 437 Bird
87 449 111 462 Bird
106 498 121 509 Bird
108 516 129 528 Bird
116 466 132 474 Bird
151 473 179 490 Bird
193 478 216 489 Bird
203 463 226 479 Bird
234 100 273 134 Bird
244 495 276 512 Bird
265 473 297 488 Bird
266 356 292 375 Bird
297 520 318 538 Bird
305 376 324 391 Bird
312 391 349 413 Bird
314 217 346 238 Bird
363 332 404 360 Bird
368 474 393 484 Bird
386 377 399 387 Bird
388 193 412 215 Bird
404 341 428 352 Bird
413 280 446 302 Bird
423 324 480 357 Bird
433 545 448 551 Bird
467 275 506 301 Bird
478 509 501 519 Bird
482 546 511 559 Bird
485 474 511 490 Bird
511 388 535 403 Bird
517 400 532 411 Bird
517 296 535 310 Bird
517 493 545 503 Bird
522 478 545 490 Bird
524 546 543 555 Bird
531 224 617 282 Bird
539 153 615 197 Bird
558 292 592 312 Bird
564 417 582 432 Bird
568 348 589 360 Bird
571 515 585 522 Bird
574 455 589 469 Bird
579 408 610 423 Bird
595 429 615 441 Bird
597 492 621 501 Bird
613 493 629 504 Bird
621 395 650 415 Bird
662 272 701 301 Bird
665 458 681 469 Bird
694 407 725 430 Bird
718 345 741 363 Bird
722 381 746 396 Bird
746 413 778 424 Bird
752 430 772 447 Bird
757 299 783 314 Bird
764 342 799 366 Bird
775 521 801 534 Bird
791 284 814 295 Bird
799 329 811 337 Bird
804 392 814 398 Bird
811 387 840 401 Bird
820 411 871 438 Bird
827 475 835 484 Bird
827 361 859 371 Bird
832 382 843 387 Bird
838 56 914 106 Bird
840 390 871 402 Bird
856 340 879 346 Bird
867 446 882 457 Bird
867 408 888 416 Bird
879 330 906 355 Bird
890 490 911 495 Bird
890 402 918 418 Bird
893 423 918 430 Bird
898 450 918 455 Bird
909 337 937 357 Bird
924 517 968 530 Bird
929 331 956 346 Bird
935 289 977 312 Bird
939 264 979 286 Bird
939 230 989 259 Bird
942 351 971 367 Bird
944 137 973 159 Bird
995 502 1023 523 Bird
1013 244 1023 275 Bird
1013 468 1023 472 Bird
1018 223 1023 227 Bird
