22
144 278 211 379 wine_glass
193 235 231 311 wine_glass
248 157 293 255 wine_glass
250 419 324 545 wine_glass
315 159 360 230 wine_glass
407 96 561 317 wine_glass
443 90 490 128 wine_glass
481 420 555 564 wine_glass
573 435 634 573 wine_glass
666 125 709 208 wine_glass
709 140 757 232 wine_glass
762 338 833 468 wine_glass
828 319 880 444 wine_glass
0 326 71 399 cup
146 183 200 231 cup
151 573 246 682 cup
309 228 371 287 cup
633 258 707 318 cup
680 605 792 709 cup
707 123 747 165 cup
910 218 969 273 cup
969 388 1023 461 cup
