46
640 543 766 800 Bottle
0 230 36 458 Bottle
0 0 76 196 Bottle
0 560 93 792 Bottle
1 692 96 799 Bottle
12 387 87 624 Bottle
25 234 104 450 Bottle
69 16 158 194 Bottle
78 536 188 799 Bottle
82 384 175 614 Bottle
90 223 165 458 Bottle
139 379 241 634 Bottle
154 220 225 432 Bottle
161 536 253 798 Bottle
164 65 232 216 Bottle
215 202 277 456 Bottle
220 2 299 200 Bottle
226 378 319 624 Bottle
227 566 320 799 Bottle
261 196 345 448 Bottle
307 375 376 622 Bottle
308 0 400 196 Bottle
328 529 427 799 Bottle
334 184 432 436 Bottle
377 348 471 627 Bottle
409 0 475 167 Bottle
423 172 505 416 Bottle
427 499 535 799 Bottle
454 342 561 623 Bottle
495 161 582 426 Bottle
520 0 611 150 Bottle
528 520 648 798 Bottle
551 339 647 618 Bottle
576 153 670 404 Bottle
613 0 704 102 Bottle
638 321 732 630 Bottle
664 136 771 409 Bottle
729 322 832 622 Bottle
753 493 887 799 Bottle
828 298 913 608 Bottle
837 0 952 80 Bottle
858 96 975 378 Bottle
878 485 1017 799 Bottle
928 302 1022 623 Bottle
947 87 1023 382 Bottle
977 0 1023 84 Bottle
