72
48 308 124 569 Person
105 394 167 556 Person
116 282 190 429 Person
120 434 181 577 Person
163 437 241 589 Person
170 290 243 444 Person
217 258 308 353 Person
233 291 288 386 Person
234 426 289 581 Person
248 362 303 417 Person
250 390 303 460 Person
270 219 311 316 Person
277 284 339 392 Person
296 430 362 594 Person
300 241 343 284 Person
303 384 345 450 Person
312 346 360 422 Person
328 248 388 313 Person
339 276 389 321 Person
348 347 419 450 Person
351 419 415 581 Person
356 302 405 359 Person
378 407 440 476 Person
382 255 423 342 Person
384 230 432 262 Person
407 445 468 595 Person
408 309 453 404 Person
415 361 472 435 Person
416 243 479 350 Person
456 356 522 470 Person
462 230 497 298 Person
464 430 517 602 Person
471 318 545 404 Person
479 244 549 365 Person
511 361 585 477 Person
515 251 553 336 Person
516 444 581 591 Person
545 249 597 366 Person
553 324 597 394 Person
572 452 638 584 Person
590 389 632 455 Person
599 359 640 417 Person
600 228 652 288 Person
601 259 647 314 Person
608 318 660 398 Person
641 388 677 478 Person
641 350 691 417 Person
641 437 696 589 Person
645 308 673 359 Person
648 259 675 313 Person
675 253 729 343 Person
677 413 720 481 Person
681 316 725 390 Person
686 369 757 441 Person
692 440 757 587 Person
709 239 768 316 Person
713 323 778 390 Person
730 417 785 505 Person
739 252 798 341 Person
743 361 785 435 Person
753 455 807 594 Person
778 361 830 429 Person
784 244 852 345 Person
791 398 837 482 Person
809 437 867 608 Person
823 316 883 393 Person
823 350 885 431 Person
826 421 892 488 Person
844 244 899 331 Person
858 440 920 610 Person
863 318 908 386 Person
884 318 970 580 Person
