24
237 291 324 577 Person
0 323 32 536 Person
24 300 108 567 Person
138 329 178 538 Person
142 312 170 381 Person
148 307 228 572 Person
199 292 253 489 Person
253 301 284 360 Person
256 329 284 535 Person
321 315 355 493 Person
371 316 435 536 Person
480 300 556 553 Person
595 318 659 540 Person
650 310 700 495 Person
695 326 828 603 Person
700 318 755 572 Person
766 301 810 393 Person
810 310 892 575 Person
821 326 842 358 Person
833 319 845 336 Person
870 309 908 489 Person
876 326 915 541 Person
934 329 971 535 Person
942 316 1023 575 Person
