68
0 558 243 795 Person
51 492 201 610 Person
87 443 149 500 Person
122 403 209 486 Person
152 397 185 452 Person
196 367 249 408 Person
205 381 248 430 Person
234 416 280 484 Person
240 416 357 523 Person
245 388 279 429 Person
260 292 302 371 Person
282 368 312 410 Person
289 386 305 411 Person
290 356 315 381 Person
300 381 355 448 Person
327 551 558 738 Person
328 413 412 476 Person
332 466 438 592 Person
345 353 387 404 Person
366 305 408 388 Person
389 388 451 450 Person
426 403 484 477 Person
439 444 533 517 Person
442 367 471 408 Person
458 314 504 394 Person
464 375 510 426 Person
491 397 556 444 Person
492 368 517 411 Person
503 310 529 371 Person
517 404 603 500 Person
521 312 528 338 Person
522 319 565 384 Person
527 485 625 584 Person
537 413 600 467 Person
540 385 568 426 Person
553 539 748 714 Person
590 394 638 442 Person
597 372 643 421 Person
611 438 680 510 Person
632 310 663 364 Person
641 387 702 442 Person
647 376 701 424 Person
693 390 741 445 Person
693 422 790 506 Person
701 338 717 356 Person
702 410 784 469 Person
718 336 744 358 Person
732 368 786 419 Person
752 338 776 361 Person
757 410 817 466 Person
775 338 803 364 Person
800 378 860 444 Person
800 426 878 502 Person
805 375 819 404 Person
810 343 824 357 Person
826 320 857 366 Person
833 463 965 561 Person
840 375 867 404 Person
857 502 1023 743 Person
861 392 913 459 Person
877 314 905 376 Person
881 431 945 498 Person
884 373 928 416 Person
926 394 971 438 Person
956 382 987 419 Person
963 406 1023 493 Person
972 375 1015 428 Person
1015 375 1023 412 Person
