24
128 487 165 555 Bird
142 473 172 520 Bird
175 457 205 506 Bird
217 449 240 502 Bird
270 475 300 526 Bird
281 455 300 487 Bird
307 434 326 485 Bird
310 387 327 430 Bird
347 463 369 504 Bird
371 424 386 475 Bird
395 457 412 487 Bird
424 481 445 533 Bird
442 436 469 469 Bird
446 494 466 520 Bird
448 453 464 494 Bird
511 422 531 455 Bird
551 408 562 444 Bird
593 463 611 506 Bird
618 430 647 465 Bird
662 405 682 442 Bird
697 440 717 490 Bird
802 414 819 457 Bird
812 428 827 475 Bird
995 472 1018 512 Bird
