29
195 163 250 232 Bird
67 157 93 175 Bird
103 340 138 370 Bird
197 479 247 528 Bird
231 551 280 623 Bird
285 214 316 235 Bird
344 440 381 468 Bird
391 516 431 552 Bird
448 720 501 761 Bird
456 491 497 524 Bird
460 95 488 125 Bird
477 696 514 726 Bird
487 602 512 630 Bird
510 623 545 650 Bird
546 618 579 657 Bird
550 265 583 302 Bird
563 155 597 185 Bird
576 771 613 798 Bird
652 686 688 729 Bird
684 597 733 641 Bird
716 20 761 53 Bird
719 672 760 717 Bird
741 408 787 452 Bird
750 593 792 627 Bird
773 170 817 205 Bird
803 515 839 548 Bird
824 374 851 410 Bird
865 485 908 516 Bird
904 76 952 131 Bird
