41
0 601 29 777 Person
55 580 78 654 Person
56 644 126 774 Person
74 570 106 666 Person
85 585 117 674 Person
111 588 172 771 Person
117 580 140 650 Person
169 586 199 688 Person
175 614 256 778 Person
186 578 201 602 Person
193 578 208 610 Person
204 586 236 634 Person
245 585 277 629 Person
245 601 296 779 Person
272 584 309 634 Person
296 598 321 628 Person
315 597 334 632 Person
318 590 371 773 Person
337 580 351 590 Person
357 590 384 632 Person
371 588 384 607 Person
378 583 437 780 Person
384 582 399 594 Person
420 580 451 630 Person
460 584 471 607 Person
464 604 504 774 Person
474 578 482 596 Person
496 582 523 608 Person
514 612 527 628 Person
522 586 544 625 Person
531 591 589 770 Person
575 576 588 592 Person
577 588 593 606 Person
577 616 608 715 Person
595 610 624 711 Person
627 579 647 648 Person
633 604 687 774 Person
651 564 671 598 Person
686 563 725 640 Person
705 566 719 592 Person
711 577 772 734 Person
