38
23 149 115 662 Person
226 295 341 526 Person
273 310 367 548 Person
277 306 414 617 Person
309 315 472 683 Person
367 259 412 342 Person
414 275 460 373 Person
433 399 656 798 Person
443 270 515 384 Person
451 246 482 319 Person
471 240 504 324 Person
481 286 551 497 Person
503 295 592 613 Person
508 235 542 312 Person
540 252 576 324 Person
586 188 628 249 Person
603 249 650 399 Person
603 475 783 798 Person
618 179 645 231 Person
624 212 656 299 Person
646 233 692 301 Person
691 212 744 317 Person
697 195 723 257 Person
709 202 802 490 Person
734 175 753 215 Person
737 200 762 254 Person
746 151 772 200 Person
746 315 871 630 Person
776 149 816 195 Person
788 179 818 291 Person
807 163 897 348 Person
830 137 856 200 Person
835 340 1012 748 Person
871 137 907 193 Person
871 242 1013 464 Person
885 146 956 368 Person
898 135 943 195 Person
960 119 1022 254 Person
