58
0 14 38 153 Bottle
0 0 57 102 Bottle
0 0 59 55 Bottle
0 166 172 646 Bottle
0 563 215 797 Bottle
14 72 184 273 Bottle
63 0 174 98 Bottle
63 17 176 179 Bottle
67 0 100 25 Bottle
90 0 176 102 Bottle
104 174 442 761 Bottle
122 0 169 64 Bottle
126 34 317 206 Bottle
126 72 348 292 Bottle
135 0 167 49 Bottle
153 0 286 119 Bottle
159 27 272 85 Bottle
167 0 270 51 Bottle
212 661 464 797 Bottle
239 0 301 72 Bottle
241 0 280 27 Bottle
241 0 337 117 Bottle
270 0 425 164 Bottle
290 29 417 232 Bottle
317 98 600 445 Bottle
327 98 600 445 Bottle
342 0 395 34 Bottle
372 0 430 61 Bottle
413 0 512 102 Bottle
419 230 821 797 Bottle
442 0 497 49 Bottle
442 4 571 162 Bottle
479 51 698 281 Bottle
485 0 575 87 Bottle
512 0 645 132 Bottle
526 0 571 14 Bottle
536 0 608 44 Bottle
612 0 714 81 Bottle
612 19 741 198 Bottle
667 0 741 74 Bottle
673 138 901 467 Bottle
702 2 837 164 Bottle
722 0 770 49 Bottle
722 0 856 104 Bottle
780 76 958 345 Bottle
784 49 989 245 Bottle
800 520 1021 797 Bottle
804 0 888 87 Bottle
856 0 901 51 Bottle
874 0 933 38 Bottle
915 14 1013 179 Bottle
919 364 1021 516 Bottle
929 0 1021 115 Bottle
954 0 1021 104 Bottle
985 0 1021 70 Bottle
987 268 1021 324 Bottle
1007 0 1021 36 Bottle
1015 200 1021 247 Bottle
