31
13 565 99 671 Bottle
66 589 181 669 Bottle
130 181 229 266 Bottle
149 349 268 455 Bottle
208 556 284 671 Bottle
239 177 317 274 Bottle
242 534 352 680 Bottle
273 343 355 453 Bottle
320 575 413 691 Bottle
320 177 420 277 Bottle
341 344 434 459 Bottle
417 561 562 701 Bottle
420 355 507 460 Bottle
428 615 507 698 Bottle
431 162 496 276 Bottle
491 356 575 467 Bottle
493 564 628 716 Bottle
507 168 581 285 Bottle
557 379 675 460 Bottle
562 168 682 288 Bottle
622 610 728 721 Bottle
651 174 754 291 Bottle
659 358 759 466 Bottle
743 371 822 466 Bottle
754 177 843 299 Bottle
754 599 890 732 Bottle
822 369 890 468 Bottle
848 188 917 300 Bottle
875 352 953 464 Bottle
926 189 1011 308 Bottle
956 351 1008 464 Bottle
