78
320 565 494 781 Bottle
252 733 276 795 Bottle
259 663 283 721 Bottle
263 601 289 651 Bottle
268 543 291 591 Bottle
280 732 299 790 Bottle
281 665 307 717 Bottle
289 396 312 437 Bottle
289 597 312 648 Bottle
291 542 313 588 Bottle
304 731 332 790 Bottle
305 661 331 715 Bottle
307 395 332 436 Bottle
310 597 336 648 Bottle
312 542 336 587 Bottle
324 395 350 437 Bottle
331 658 353 712 Bottle
334 597 358 645 Bottle
336 540 359 583 Bottle
347 393 368 432 Bottle
356 593 384 641 Bottle
359 538 380 582 Bottle
368 393 390 434 Bottle
380 595 406 636 Bottle
384 538 404 581 Bottle
388 392 411 430 Bottle
401 537 428 580 Bottle
408 392 428 430 Bottle
428 390 449 428 Bottle
428 537 449 560 Bottle
446 390 467 430 Bottle
449 537 472 561 Bottle
467 387 487 428 Bottle
473 535 496 576 Bottle
476 746 487 777 Bottle
476 588 499 636 Bottle
484 655 510 705 Bottle
486 387 504 427 Bottle
486 720 512 777 Bottle
496 532 519 575 Bottle
502 587 526 636 Bottle
504 388 526 428 Bottle
510 651 529 703 Bottle
512 720 537 777 Bottle
512 548 728 798 Bottle
519 531 539 553 Bottle
526 386 544 426 Bottle
537 732 561 776 Bottle
540 530 561 553 Bottle
540 385 564 426 Bottle
563 385 582 425 Bottle
563 528 585 572 Bottle
582 531 609 571 Bottle
583 381 603 420 Bottle
596 582 617 613 Bottle
604 383 622 421 Bottle
606 528 633 571 Bottle
617 582 638 628 Bottle
622 382 640 421 Bottle
628 528 656 573 Bottle
640 582 665 627 Bottle
643 381 662 421 Bottle
651 525 678 571 Bottle
656 642 683 693 Bottle
662 378 679 418 Bottle
664 581 691 627 Bottle
673 527 699 571 Bottle
679 641 705 695 Bottle
689 581 715 627 Bottle
691 710 720 763 Bottle
692 523 721 567 Bottle
702 643 729 693 Bottle
710 581 740 630 Bottle
716 708 745 765 Bottle
726 641 753 696 Bottle
737 787 755 798 Bottle
740 710 771 767 Bottle
760 785 782 798 Bottle
