35
195 561 348 664 cup
0 326 131 434 cup
0 449 141 563 cup
0 110 146 212 cup
0 228 151 326 cup
0 561 153 675 cup
0 0 158 101 cup
0 694 158 784 cup
169 220 326 323 cup
179 106 351 210 cup
186 444 361 540 cup
191 337 353 438 cup
192 0 346 98 cup
196 675 351 788 cup
366 230 550 337 cup
385 0 553 93 cup
389 457 564 576 cup
397 341 574 455 cup
402 114 571 218 cup
406 677 566 783 cup
409 569 573 669 cup
591 566 756 666 cup
593 319 758 423 cup
611 222 769 310 cup
611 0 771 95 cup
621 680 781 779 cup
622 453 777 548 cup
626 100 799 202 cup
808 202 982 320 cup
812 330 963 433 cup
817 553 976 655 cup
820 433 982 527 cup
827 0 953 90 cup
829 673 1004 784 cup
844 94 994 210 cup
