45
29 573 66 599 Orange
57 554 98 583 Orange
70 590 87 614 Orange
78 705 101 722 Orange
108 594 115 602 Orange
155 603 178 636 Orange
164 692 190 706 Orange
267 247 311 280 Orange
280 606 311 647 Orange
290 403 323 431 Orange
308 364 353 398 Orange
311 733 353 759 Orange
337 278 374 307 Orange
358 345 395 372 Orange
374 651 413 680 Orange
388 623 413 644 Orange
388 550 428 594 Orange
402 357 435 385 Orange
407 640 437 659 Orange
407 196 493 245 Orange
428 312 479 348 Orange
435 553 477 586 Orange
463 448 514 472 Orange
505 180 560 193 Orange
507 747 535 774 Orange
525 471 575 501 Orange
553 758 591 788 Orange
556 546 598 577 Orange
633 303 693 329 Orange
645 435 689 459 Orange
647 599 668 623 Orange
651 446 715 480 Orange
728 389 773 423 Orange
744 243 801 274 Orange
833 647 899 677 Orange
843 413 899 451 Orange
883 476 919 512 Orange
883 261 957 300 Orange
931 497 953 517 Orange
945 217 988 237 Orange
945 234 1004 284 Orange
953 694 988 713 Orange
962 608 1023 649 Orange
994 225 1023 263 Orange
1011 623 1023 647 Orange
