26
266 153 444 446 Orange
0 582 79 797 Orange
0 170 87 503 Orange
19 86 172 286 Orange
38 441 158 720 Orange
58 708 139 797 Orange
90 209 231 449 Orange
140 659 313 797 Orange
204 180 291 293 Orange
217 375 304 466 Orange
240 241 277 382 Orange
308 753 369 797 Orange
328 466 503 792 Orange
389 669 587 797 Orange
400 59 555 340 Orange
442 335 610 686 Orange
499 246 623 362 Orange
568 545 729 797 Orange
579 241 764 553 Orange
647 177 768 286 Orange
716 419 890 730 Orange
743 708 908 797 Orange
744 227 921 441 Orange
878 444 962 612 Orange
889 530 1022 797 Orange
936 254 1022 513 Orange
