36
314 164 645 380 Orange
0 337 88 392 Orange
0 255 117 371 Orange
0 97 155 320 Orange
0 374 168 453 Orange
0 647 184 799 Orange
0 449 326 573 Orange
15 41 171 106 Orange
17 38 152 126 Orange
86 573 360 647 Orange
92 0 222 37 Orange
128 37 242 203 Orange
132 678 302 781 Orange
147 278 376 541 Orange
202 614 487 675 Orange
218 0 342 46 Orange
227 23 328 212 Orange
243 636 566 799 Orange
286 46 384 217 Orange
336 0 419 74 Orange
381 512 695 689 Orange
400 673 675 799 Orange
407 5 517 181 Orange
460 5 695 181 Orange
490 185 801 466 Orange
535 412 860 610 Orange
593 50 755 154 Orange
675 573 868 799 Orange
698 440 1006 793 Orange
716 71 928 158 Orange
766 167 927 447 Orange
818 143 1021 403 Orange
822 0 936 89 Orange
877 383 1023 753 Orange
928 18 1013 175 Orange
935 728 1023 799 Orange
