25
684 436 753 577 Bird
30 368 62 427 Bird
57 365 122 424 Bird
111 396 161 436 Bird
247 384 288 453 Bird
270 393 312 418 Bird
339 422 392 487 Bird
351 325 398 357 Bird
391 312 416 362 Bird
407 328 433 362 Bird
456 315 487 374 Bird
482 337 513 381 Bird
511 311 533 356 Bird
517 325 556 372 Bird
545 321 582 369 Bird
583 311 612 374 Bird
599 325 629 377 Bird
615 306 629 342 Bird
627 319 654 374 Bird
653 319 683 369 Bird
702 327 726 375 Bird
718 371 797 427 Bird
793 234 867 276 Bird
843 633 937 737 Bird
890 348 917 450 Bird
