28
23 154 150 215 Orange
27 74 140 143 Orange
35 223 147 291 Orange
44 302 156 364 Orange
44 370 156 434 Orange
162 74 267 139 Orange
164 153 274 220 Orange
164 225 274 288 Orange
168 304 274 364 Orange
281 68 396 137 Orange
291 150 393 209 Orange
291 223 398 290 Orange
291 298 398 360 Orange
293 501 405 566 Orange
637 74 748 143 Orange
640 147 748 216 Orange
640 225 748 291 Orange
643 376 750 440 Orange
643 302 755 366 Orange
760 301 874 366 Orange
762 226 874 290 Orange
762 151 877 216 Orange
766 75 874 139 Orange
889 147 995 215 Orange
889 228 995 290 Orange
889 503 1001 572 Orange
889 71 1003 139 Orange
891 301 1001 367 Orange
