25
370 574 448 661 Orange
0 621 71 669 Orange
46 562 119 628 Orange
72 625 152 662 Orange
80 500 164 576 Orange
120 562 202 634 Orange
160 541 229 603 Orange
168 628 221 675 Orange
255 632 328 669 Orange
290 563 359 638 Orange
332 625 408 669 Orange
347 522 412 587 Orange
421 636 481 669 Orange
483 543 518 591 Orange
483 584 522 654 Orange
485 520 531 583 Orange
507 632 554 667 Orange
554 604 591 650 Orange
562 640 613 669 Orange
574 554 616 600 Orange
613 599 676 657 Orange
640 642 677 666 Orange
653 599 710 653 Orange
694 640 741 669 Orange
727 600 779 654 Orange
