80
11 358 32 376 Orange
32 300 46 322 Orange
34 252 55 274 Orange
36 372 53 384 Orange
55 231 67 248 Orange
59 380 71 408 Orange
67 302 84 318 Orange
74 256 99 288 Orange
76 358 92 380 Orange
80 324 99 354 Orange
84 222 97 248 Orange
105 344 119 368 Orange
109 262 124 278 Orange
113 372 126 398 Orange
113 298 130 322 Orange
122 262 144 296 Orange
128 306 146 332 Orange
134 278 163 310 Orange
155 182 172 200 Orange
159 314 184 340 Orange
165 196 180 214 Orange
165 248 188 274 Orange
176 234 194 258 Orange
192 188 215 212 Orange
207 234 215 260 Orange
209 216 224 240 Orange
219 160 247 178 Orange
282 278 295 306 Orange
324 266 340 280 Orange
328 300 345 332 Orange
340 238 366 260 Orange
351 314 382 336 Orange
353 280 388 310 Orange
366 240 403 266 Orange
374 302 401 322 Orange
374 328 401 348 Orange
388 270 434 296 Orange
401 306 430 328 Orange
405 346 436 372 Orange
409 226 443 260 Orange
430 200 447 216 Orange
430 278 451 310 Orange
443 231 466 244 Orange
457 280 478 304 Orange
459 332 472 372 Orange
459 200 478 230 Orange
472 292 493 318 Orange
476 310 501 340 Orange
482 248 501 270 Orange
493 226 507 252 Orange
499 150 526 174 Orange
501 292 528 318 Orange
503 192 514 216 Orange
503 238 539 266 Orange
511 236 541 266 Orange
522 302 543 324 Orange
524 212 541 244 Orange
524 182 547 208 Orange
541 200 562 234 Orange
543 262 564 296 Orange
553 306 587 328 Orange
574 212 593 244 Orange
574 270 595 300 Orange
574 164 616 190 Orange
595 160 605 182 Orange
599 144 641 168 Orange
605 222 633 238 Orange
605 320 637 358 Orange
607 244 610 262 Orange
609 292 628 318 Orange
612 134 647 160 Orange
612 192 649 222 Orange
620 166 647 182 Orange
632 238 641 258 Orange
645 212 672 244 Orange
647 144 662 160 Orange
906 248 966 320 Orange
956 174 1020 274 Orange
958 298 1004 350 Orange
958 336 1022 416 Orange
