48
546 493 630 560 Orange
286 222 333 276 Orange
314 254 355 294 Orange
326 401 370 460 Orange
346 455 394 534 Orange
375 414 419 477 Orange
377 236 430 281 Orange
386 371 413 416 Orange
391 216 427 250 Orange
395 326 450 396 Orange
399 236 447 272 Orange
406 478 446 528 Orange
410 371 450 428 Orange
423 211 457 236 Orange
439 363 461 411 Orange
447 197 479 229 Orange
453 429 495 505 Orange
459 231 493 259 Orange
470 363 515 420 Orange
478 202 503 227 Orange
483 483 527 574 Orange
499 225 526 256 Orange
514 180 535 214 Orange
515 429 559 499 Orange
526 272 570 318 Orange
535 197 550 225 Orange
541 336 611 410 Orange
562 231 594 291 Orange
573 394 638 500 Orange
579 196 613 233 Orange
599 225 642 265 Orange
602 296 637 336 Orange
625 220 659 254 Orange
630 277 663 331 Orange
647 468 717 566 Orange
653 393 706 492 Orange
663 218 690 256 Orange
709 365 754 434 Orange
749 388 845 490 Orange
758 345 846 429 Orange
801 473 870 558 Orange
811 411 885 474 Orange
889 345 954 401 Orange
897 468 969 548 Orange
905 408 966 463 Orange
958 408 1018 497 Orange
961 348 1005 410 Orange
994 469 1022 548 Orange
