32
10 604 115 690 Apple
25 546 97 601 Apple
25 663 120 762 Apple
42 242 106 325 Apple
78 319 159 410 Apple
84 402 142 478 Apple
115 692 192 794 Apple
127 582 224 717 Apple
191 635 311 711 Apple
204 260 298 328 Apple
212 516 281 594 Apple
217 705 296 792 Apple
245 524 311 610 Apple
341 681 433 729 Apple
360 567 448 687 Apple
400 521 451 577 Apple
456 361 521 420 Apple
458 631 522 695 Apple
550 718 625 782 Apple
552 592 654 645 Apple
569 406 663 510 Apple
585 500 638 594 Apple
590 327 675 422 Apple
607 664 674 732 Apple
670 516 752 617 Apple
680 664 754 728 Apple
682 616 750 677 Apple
684 385 770 461 Apple
725 0 782 78 Apple
834 561 888 602 Apple
886 549 948 607 Apple
902 403 976 464 Apple
