64
100 489 160 553 Orange
117 379 188 461 Orange
133 278 187 357 Orange
151 452 192 509 Orange
155 523 227 583 Orange
172 263 226 318 Orange
172 347 234 406 Orange
196 420 257 481 Orange
216 315 277 387 Orange
220 472 297 546 Orange
235 553 282 572 Orange
250 357 318 435 Orange
257 255 326 336 Orange
270 417 332 499 Orange
281 508 342 581 Orange
314 553 368 574 Orange
321 398 360 467 Orange
322 269 381 355 Orange
334 352 384 424 Orange
340 495 415 562 Orange
356 421 435 495 Orange
381 550 440 578 Orange
387 342 439 421 Orange
391 263 464 345 Orange
407 475 478 568 Orange
439 403 499 470 Orange
440 218 487 292 Orange
452 345 490 392 Orange
478 352 553 421 Orange
480 273 542 364 Orange
486 445 554 523 Orange
487 518 558 583 Orange
506 398 562 448 Orange
617 466 652 526 Orange
617 384 667 463 Orange
629 527 663 615 Orange
629 231 692 318 Orange
632 315 696 406 Orange
664 442 726 514 Orange
664 518 731 610 Orange
687 369 751 452 Orange
708 297 763 355 Orange
727 532 801 606 Orange
734 333 782 415 Orange
747 267 798 323 Orange
776 378 839 460 Orange
785 304 826 373 Orange
793 530 822 604 Orange
797 449 840 498 Orange
818 490 856 558 Orange
821 231 880 306 Orange
824 333 872 406 Orange
836 532 901 596 Orange
849 406 896 461 Orange
869 470 916 523 Orange
883 276 935 327 Orange
888 327 960 396 Orange
903 387 974 457 Orange
908 540 952 595 Orange
912 438 978 526 Orange
944 555 1023 624 Orange
966 389 993 449 Orange
967 517 1023 553 Orange
974 466 1007 512 Orange
