49
197 421 218 443 Orange
224 477 255 499 Orange
241 424 255 447 Orange
245 389 274 398 Orange
283 449 313 469 Orange
290 213 320 237 Orange
306 457 327 487 Orange
334 487 355 507 Orange
341 428 367 443 Orange
362 40 385 62 Orange
362 7 399 24 Orange
374 382 404 397 Orange
404 36 449 48 Orange
406 487 435 502 Orange
418 523 432 544 Orange
425 371 442 380 Orange
425 455 455 478 Orange
456 390 477 411 Orange
470 507 497 525 Orange
476 397 514 411 Orange
493 545 521 570 Orange
497 460 519 477 Orange
507 529 535 548 Orange
549 544 586 553 Orange
554 409 600 421 Orange
561 375 612 397 Orange
586 123 612 137 Orange
593 537 623 552 Orange
598 81 630 103 Orange
605 250 663 276 Orange
614 552 633 562 Orange
642 391 696 413 Orange
663 335 701 355 Orange
708 310 742 331 Orange
728 502 756 525 Orange
729 195 756 213 Orange
729 525 756 540 Orange
736 553 766 562 Orange
756 432 787 449 Orange
756 209 792 228 Orange
759 579 773 587 Orange
778 398 813 427 Orange
785 104 817 123 Orange
787 132 810 149 Orange
799 440 829 465 Orange
806 285 831 306 Orange
836 364 871 397 Orange
959 521 987 537 Orange
973 537 1008 545 Orange
