28
823 508 947 642 Apple
0 559 35 631 Apple
22 303 71 327 Apple
59 313 96 357 Apple
73 368 122 413 Apple
83 322 138 372 Apple
144 682 198 745 Apple
158 579 213 642 Apple
178 337 247 400 Apple
188 633 253 700 Apple
214 553 270 614 Apple
219 297 283 357 Apple
227 378 300 436 Apple
263 325 321 394 Apple
490 490 579 595 Apple
542 640 648 765 Apple
560 372 638 431 Apple
709 305 769 357 Apple
723 252 783 315 Apple
753 319 833 381 Apple
755 484 828 574 Apple
828 315 889 369 Apple
928 505 1020 610 Apple
938 245 1018 306 Apple
940 285 988 350 Apple
986 270 1023 339 Apple
990 341 1023 376 Apple
1016 261 1023 271 Apple
