56
82 341 191 509 Orange
0 551 55 741 Orange
0 487 78 592 Orange
6 92 124 288 Orange
10 455 86 521 Orange
37 282 90 455 Orange
39 610 200 770 Orange
110 211 202 360 Orange
147 681 295 799 Orange
167 187 275 282 Orange
183 330 255 492 Orange
183 521 357 736 Orange
208 278 267 354 Orange
257 205 353 336 Orange
271 296 373 463 Orange
286 344 436 562 Orange
291 148 356 237 Orange
295 747 353 799 Orange
340 106 476 271 Orange
346 487 522 700 Orange
372 252 471 336 Orange
384 693 502 799 Orange
401 336 502 487 Orange
421 68 497 175 Orange
448 344 542 437 Orange
480 152 565 261 Orange
494 660 636 777 Orange
502 2 592 142 Orange
515 568 620 683 Orange
517 223 620 398 Orange
521 409 604 588 Orange
565 0 688 74 Orange
581 92 688 219 Orange
584 213 668 342 Orange
593 338 692 473 Orange
613 23 727 165 Orange
613 568 813 731 Orange
617 481 711 588 Orange
661 211 711 330 Orange
702 344 813 521 Orange
716 88 773 207 Orange
716 294 869 439 Orange
763 32 826 163 Orange
777 0 860 56 Orange
797 445 931 604 Orange
797 592 932 689 Orange
808 199 873 290 Orange
832 159 919 225 Orange
852 82 951 187 Orange
860 284 987 433 Orange
885 187 999 324 Orange
892 420 1002 577 Orange
924 171 1018 231 Orange
982 392 1023 503 Orange
986 282 1018 398 Orange
999 509 1023 624 Orange
