65
0 51 53 163 Orange
0 492 72 628 Orange
0 620 120 769 Orange
5 200 103 331 Orange
8 14 131 109 Orange
43 398 179 542 Orange
44 113 179 236 Orange
60 736 211 799 Orange
84 542 208 675 Orange
92 236 219 343 Orange
124 666 215 774 Orange
124 34 243 154 Orange
156 154 247 258 Orange
163 476 297 597 Orange
194 328 314 456 Orange
199 291 297 357 Orange
202 646 337 787 Orange
223 178 345 306 Orange
227 2 329 88 Orange
238 76 358 188 Orange
270 529 408 658 Orange
297 390 412 518 Orange
307 696 401 798 Orange
311 265 421 382 Orange
341 21 456 128 Orange
345 0 449 18 Orange
346 141 452 260 Orange
394 653 504 765 Orange
401 766 513 799 Orange
412 522 520 649 Orange
417 228 528 331 Orange
420 328 536 456 Orange
421 113 515 203 Orange
437 14 524 108 Orange
563 737 656 799 Orange
565 584 699 733 Orange
567 192 675 332 Orange
571 14 670 124 Orange
572 427 702 547 Orange
604 112 751 241 Orange
638 300 769 442 Orange
647 0 766 128 Orange
663 526 791 630 Orange
664 758 837 799 Orange
682 248 751 298 Orange
690 642 821 777 Orange
710 0 1000 33 Orange
722 224 789 281 Orange
730 411 876 570 Orange
750 260 829 374 Orange
775 0 896 113 Orange
791 306 948 430 Orange
798 546 948 696 Orange
810 716 964 798 Orange
818 186 945 316 Orange
838 630 969 742 Orange
854 60 988 211 Orange
866 422 977 546 Orange
937 306 1023 467 Orange
944 220 1009 320 Orange
948 526 1009 637 Orange
956 728 1023 799 Orange
961 608 1023 716 Orange
981 459 1023 518 Orange
993 525 1023 604 Orange
