90
0 267 9 291 Orange
13 369 32 401 Orange
17 484 44 508 Orange
24 350 56 378 Orange
39 504 68 541 Orange
47 480 74 508 Orange
56 449 76 472 Orange
56 673 80 703 Orange
60 108 87 147 Orange
63 647 88 673 Orange
71 135 96 172 Orange
71 393 96 438 Orange
76 684 96 719 Orange
90 112 110 147 Orange
92 480 118 514 Orange
94 449 126 480 Orange
112 329 131 369 Orange
118 679 139 715 Orange
126 572 151 595 Orange
127 306 149 329 Orange
131 78 151 111 Orange
131 333 158 357 Orange
134 457 161 481 Orange
143 587 163 615 Orange
145 721 167 744 Orange
149 684 165 715 Orange
151 285 173 318 Orange
154 660 174 687 Orange
158 410 177 439 Orange
159 472 177 502 Orange
174 726 202 754 Orange
181 574 200 601 Orange
186 694 213 729 Orange
200 433 232 472 Orange
216 664 238 698 Orange
220 490 248 521 Orange
232 512 253 541 Orange
236 435 259 466 Orange
252 504 289 537 Orange
272 549 293 568 Orange
330 664 374 701 Orange
336 466 355 490 Orange
338 355 359 387 Orange
350 553 370 577 Orange
350 147 383 181 Orange
355 484 379 517 Orange
370 93 395 135 Orange
371 564 394 590 Orange
374 634 387 661 Orange
387 558 413 587 Orange
395 618 417 643 Orange
399 656 414 678 Orange
405 606 426 622 Orange
407 171 425 200 Orange
433 438 450 472 Orange
446 165 468 200 Orange
449 347 478 403 Orange
481 255 510 279 Orange
493 641 517 678 Orange
540 679 567 712 Orange
543 650 568 675 Orange
576 177 606 209 Orange
599 204 630 232 Orange
602 78 634 106 Orange
608 240 631 260 Orange
623 292 650 323 Orange
647 292 666 319 Orange
653 544 693 590 Orange
670 622 702 661 Orange
702 102 721 143 Orange
704 721 744 772 Orange
732 664 755 687 Orange
736 688 769 724 Orange
759 406 791 439 Orange
761 126 784 161 Orange
765 0 779 41 Orange
773 218 799 253 Orange
784 6 804 32 Orange
787 124 815 152 Orange
795 383 804 420 Orange
803 143 834 171 Orange
826 407 854 452 Orange
826 590 855 632 Orange
830 313 851 360 Orange
834 342 859 370 Orange
838 572 870 590 Orange
848 698 894 738 Orange
878 767 901 799 Orange
901 568 914 595 Orange
945 724 969 761 Orange
