55
645 372 753 480 Orange
5 291 21 328 Orange
23 299 35 335 Orange
44 302 53 339 Orange
44 310 63 365 Orange
64 312 83 361 Orange
79 320 100 365 Orange
99 339 116 384 Orange
131 340 162 389 Orange
156 349 188 401 Orange
190 353 222 401 Orange
206 357 246 423 Orange
241 368 267 440 Orange
261 376 297 442 Orange
293 376 341 448 Orange
318 397 389 463 Orange
334 525 369 568 Orange
341 484 362 538 Orange
362 488 400 546 Orange
365 539 400 592 Orange
370 398 433 492 Orange
394 340 437 401 Orange
400 498 461 566 Orange
401 265 461 332 Orange
416 207 461 258 Orange
426 566 473 638 Orange
430 418 497 506 Orange
440 339 497 405 Orange
444 269 517 340 Orange
452 212 508 266 Orange
457 525 505 597 Orange
465 600 540 675 Orange
481 430 572 525 Orange
488 349 568 436 Orange
496 277 563 343 Orange
508 211 571 281 Orange
512 534 576 613 Orange
535 624 607 696 Orange
551 442 672 554 Orange
563 278 656 357 Orange
567 211 632 273 Orange
575 560 679 645 Orange
608 642 699 742 Orange
627 281 726 386 Orange
634 215 710 282 Orange
652 484 771 588 Orange
684 580 783 671 Orange
710 194 810 291 Orange
739 397 841 514 Orange
775 510 882 613 Orange
789 612 882 682 Orange
794 208 932 332 Orange
825 322 942 413 Orange
853 418 948 522 Orange
874 534 977 628 Orange
