55
390 766 450 796 Orange
436 766 490 796 Orange
482 663 561 739 Orange
484 596 556 676 Orange
493 759 536 796 Orange
527 496 604 556 Orange
533 559 587 623 Orange
536 726 610 796 Orange
570 620 656 706 Orange
587 323 647 389 Orange
613 533 678 600 Orange
613 676 687 749 Orange
621 743 684 796 Orange
638 413 690 479 Orange
647 183 707 270 Orange
656 616 715 716 Orange
667 283 738 356 Orange
684 243 741 276 Orange
687 113 741 189 Orange
690 376 767 433 Orange
695 419 784 499 Orange
704 700 764 776 Orange
715 749 781 796 Orange
718 479 792 550 Orange
727 293 795 363 Orange
755 93 807 126 Orange
758 130 812 186 Orange
758 536 830 606 Orange
761 213 830 273 Orange
767 166 830 236 Orange
784 263 832 313 Orange
784 426 847 509 Orange
792 773 838 796 Orange
795 353 858 413 Orange
801 56 864 103 Orange
801 303 869 356 Orange
815 103 884 143 Orange
827 726 855 773 Orange
827 546 907 636 Orange
835 386 889 446 Orange
835 183 898 229 Orange
847 23 907 73 Orange
847 226 907 266 Orange
850 436 935 550 Orange
855 253 918 313 Orange
864 53 932 123 Orange
869 310 938 369 Orange
892 143 958 206 Orange
898 96 949 133 Orange
898 350 961 426 Orange
907 0 964 26 Orange
927 13 978 89 Orange
932 220 1004 296 Orange
958 103 1009 179 Orange
981 23 1021 93 Orange
