25
31 360 71 377 Orange
102 266 128 286 Orange
104 189 142 214 Orange
160 331 189 341 Orange
181 319 207 329 Orange
183 390 215 403 Orange
207 356 246 381 Orange
231 259 270 280 Orange
270 254 307 274 Orange
275 56 310 73 Orange
283 83 301 99 Orange
299 377 330 397 Orange
362 243 409 262 Orange
378 230 425 247 Orange
396 321 440 348 Orange
428 225 451 239 Orange
448 239 483 250 Orange
448 333 487 349 Orange
464 288 504 307 Orange
487 106 507 124 Orange
498 241 527 259 Orange
530 118 543 131 Orange
633 140 654 165 Orange
680 161 727 176 Orange
749 359 793 382 Orange
