23
321 475 482 540 Orange
58 430 186 497 Orange
166 398 272 446 Orange
270 427 325 468 Orange
312 365 404 415 Orange
336 423 447 468 Orange
397 349 492 418 Orange
415 318 527 364 Orange
447 398 563 452 Orange
463 450 566 508 Orange
534 476 690 538 Orange
555 324 637 376 Orange
563 370 653 418 Orange
606 430 705 476 Orange
661 336 747 385 Orange
661 476 817 538 Orange
674 372 761 419 Orange
729 419 833 471 Orange
769 376 843 419 Orange
777 406 899 459 Orange
800 464 938 518 Orange
859 452 967 508 Orange
903 431 985 497 Orange
