66
129 489 171 540 Orange
167 463 212 509 Orange
168 504 212 545 Orange
199 209 259 248 Orange
202 116 250 157 Orange
204 134 247 179 Orange
220 167 279 216 Orange
222 267 279 342 Orange
254 96 282 121 Orange
259 134 305 167 Orange
261 110 298 147 Orange
261 232 314 269 Orange
282 439 332 498 Orange
286 167 326 207 Orange
293 486 337 586 Orange
293 396 342 484 Orange
305 198 348 239 Orange
309 100 342 128 Orange
318 542 356 600 Orange
334 151 380 204 Orange
336 572 400 630 Orange
337 389 373 420 Orange
342 463 384 514 Orange
344 420 384 466 Orange
352 78 384 119 Orange
357 606 403 669 Orange
361 188 405 222 Orange
361 107 407 153 Orange
365 504 431 586 Orange
369 124 421 181 Orange
369 694 432 766 Orange
376 454 431 521 Orange
381 648 423 699 Orange
387 393 423 457 Orange
392 375 427 403 Orange
397 222 460 282 Orange
400 745 471 799 Orange
411 509 455 546 Orange
415 606 467 662 Orange
421 527 467 581 Orange
426 660 497 754 Orange
428 454 470 509 Orange
428 406 486 463 Orange
439 378 464 415 Orange
447 568 502 618 Orange
455 467 491 545 Orange
466 357 511 401 Orange
470 392 519 457 Orange
470 637 531 687 Orange
495 687 541 757 Orange
506 537 535 602 Orange
507 486 558 532 Orange
510 387 550 439 Orange
526 435 568 489 Orange
535 540 577 587 Orange
541 590 608 648 Orange
545 657 597 734 Orange
558 452 606 512 Orange
565 424 590 448 Orange
570 503 624 563 Orange
588 633 643 717 Orange
596 620 664 684 Orange
604 563 668 615 Orange
609 540 659 560 Orange
617 475 657 527 Orange
651 600 704 675 Orange
