32
510 250 799 431 Apple
0 459 16 483 Apple
0 495 18 515 Apple
7 443 51 468 Apple
11 418 65 441 Apple
26 192 45 202 Apple
29 257 69 278 Apple
31 0 140 32 Apple
58 395 86 413 Apple
186 442 270 488 Apple
192 2 332 82 Apple
209 507 521 681 Apple
288 637 579 781 Apple
302 134 577 318 Apple
409 117 432 130 Apple
568 79 864 258 Apple
572 212 603 227 Apple
581 204 595 213 Apple
628 484 686 510 Apple
647 532 680 548 Apple
712 472 773 496 Apple
733 500 791 517 Apple
740 589 789 606 Apple
761 730 791 763 Apple
779 470 831 498 Apple
789 498 845 528 Apple
798 295 833 315 Apple
824 291 845 302 Apple
826 762 866 779 Apple
890 330 925 353 Apple
924 469 949 487 Apple
994 256 1020 265 Apple
