34
337 188 426 271 Orange
133 355 240 514 Orange
192 291 332 445 Orange
220 480 360 622 Orange
298 250 361 291 Orange
352 98 439 200 Orange
364 291 424 318 Orange
392 55 474 140 Orange
401 162 483 231 Orange
412 221 486 309 Orange
456 117 513 198 Orange
460 292 502 342 Orange
482 186 522 240 Orange
486 213 553 291 Orange
506 281 586 366 Orange
522 147 577 204 Orange
542 156 616 250 Orange
557 410 730 537 Orange
561 532 716 698 Orange
572 338 648 406 Orange
588 231 651 315 Orange
604 92 680 168 Orange
624 263 711 360 Orange
633 172 731 244 Orange
643 342 731 426 Orange
711 499 805 669 Orange
723 161 810 235 Orange
739 342 821 438 Orange
746 232 836 324 Orange
763 412 814 463 Orange
793 156 892 273 Orange
822 336 860 407 Orange
837 255 896 332 Orange
887 225 919 264 Orange
