118
14 489 49 588 Person
51 480 80 582 Person
62 528 105 666 Person
85 477 117 540 Person
93 523 122 646 Person
113 464 135 501 Person
117 477 144 539 Person
117 520 145 640 Person
138 506 161 634 Person
140 462 160 526 Person
148 521 173 637 Person
153 542 195 671 Person
156 470 181 531 Person
167 518 203 567 Person
172 467 188 539 Person
184 474 203 531 Person
190 511 214 560 Person
193 540 223 653 Person
202 460 220 515 Person
208 517 232 556 Person
214 470 233 516 Person
215 406 229 444 Person
220 526 254 660 Person
223 506 240 542 Person
229 463 249 506 Person
238 509 253 534 Person
239 489 257 515 Person
248 509 266 551 Person
248 462 272 506 Person
248 525 287 663 Person
274 508 299 550 Person
275 487 291 522 Person
280 465 303 493 Person
287 525 320 656 Person
295 508 313 528 Person
298 479 318 510 Person
302 467 320 491 Person
311 521 329 553 Person
313 509 327 529 Person
319 526 350 655 Person
320 500 334 518 Person
333 479 348 507 Person
339 523 350 545 Person
344 520 370 644 Person
355 468 375 504 Person
360 526 399 650 Person
374 488 387 513 Person
374 510 389 532 Person
379 454 400 482 Person
396 485 413 518 Person
398 532 426 650 Person
409 462 426 496 Person
414 515 444 635 Person
426 453 444 496 Person
433 496 456 516 Person
433 529 469 652 Person
450 457 463 485 Person
458 498 480 529 Person
458 523 481 641 Person
460 467 475 491 Person
474 523 508 650 Person
476 468 493 494 Person
476 456 494 485 Person
489 503 505 541 Person
506 484 525 507 Person
508 442 526 475 Person
509 528 542 647 Person
526 442 540 476 Person
531 494 547 519 Person
538 521 555 635 Person
544 481 560 501 Person
544 536 573 647 Person
548 460 569 488 Person
558 494 573 521 Person
569 528 600 644 Person
570 465 588 491 Person
572 500 586 529 Person
589 504 604 528 Person
592 529 620 643 Person
599 456 619 493 Person
622 520 654 646 Person
632 462 649 487 Person
638 485 657 507 Person
649 467 665 500 Person
649 518 678 643 Person
656 484 680 510 Person
665 463 686 500 Person
675 525 709 649 Person
682 463 700 506 Person
685 518 716 640 Person
699 478 714 504 Person
714 491 730 518 Person
720 513 749 643 Person
737 491 755 524 Person
737 479 757 509 Person
740 528 765 652 Person
752 513 770 541 Person
754 532 785 661 Person
765 479 789 516 Person
780 537 805 653 Person
785 522 809 553 Person
789 490 803 522 Person
796 504 814 532 Person
801 532 833 653 Person
817 506 835 541 Person
824 540 854 670 Person
830 481 850 521 Person
840 491 864 532 Person
846 531 872 568 Person
856 540 890 671 Person
878 519 890 543 Person
883 532 901 566 Person
890 544 933 679 Person
897 429 914 471 Person
904 529 929 568 Person
913 439 931 491 Person
921 535 959 664 Person
946 541 995 675 Person
