28
266 342 357 643 Person
283 232 375 417 Person
330 245 382 338 Person
346 247 442 691 Person
409 220 501 630 Person
450 436 531 652 Person
462 286 503 504 Person
517 427 636 637 Person
519 278 590 385 Person
523 325 602 484 Person
528 430 660 627 Person
572 322 611 454 Person
602 312 663 477 Person
638 433 736 618 Person
648 333 664 366 Person
657 319 723 474 Person
688 301 741 497 Person
712 417 789 598 Person
730 301 764 374 Person
733 304 801 484 Person
790 430 869 609 Person
795 348 851 509 Person
840 313 885 398 Person
842 359 908 488 Person
844 460 912 564 Person
875 262 949 463 Person
896 443 976 612 Person
938 319 995 504 Person
