40
0 27 55 108 Person
0 414 55 670 Person
0 339 56 430 Person
15 220 70 291 Person
47 19 108 112 Person
57 342 116 411 Person
62 379 142 469 Person
66 84 116 256 Person
70 429 140 666 Person
103 33 158 120 Person
106 240 157 348 Person
194 61 249 108 Person
259 0 307 67 Person
264 262 314 370 Person
296 27 367 138 Person
313 97 533 696 Person
367 51 431 115 Person
483 282 565 396 Person
518 51 581 207 Person
520 397 584 493 Person
531 514 570 562 Person
536 166 600 252 Person
567 76 629 159 Person
569 261 628 352 Person
581 496 646 564 Person
591 354 637 447 Person
604 165 660 253 Person
619 28 678 127 Person
620 372 680 493 Person
637 423 721 567 Person
668 273 727 420 Person
689 147 764 265 Person
741 108 782 195 Person
773 16 829 121 Person
832 27 867 115 Person
866 516 921 562 Person
867 27 906 105 Person
907 13 1012 102 Person
942 436 993 514 Person
963 90 1022 219 Person
