32
80 700 101 799 Bottle
168 751 192 774 Bottle
222 415 291 658 Bottle
236 691 276 719 Bottle
241 776 272 799 Bottle
247 720 289 750 Bottle
271 748 306 769 Bottle
275 693 309 720 Bottle
289 777 320 799 Bottle
293 726 320 744 Bottle
307 746 346 779 Bottle
316 686 350 722 Bottle
326 771 369 799 Bottle
327 720 356 750 Bottle
350 693 371 722 Bottle
351 748 367 771 Bottle
365 383 431 672 Bottle
385 751 419 769 Bottle
385 701 423 727 Bottle
402 781 436 799 Bottle
405 729 439 751 Bottle
426 746 452 779 Bottle
427 698 457 722 Bottle
444 727 472 751 Bottle
448 781 469 799 Bottle
462 751 491 776 Bottle
465 693 497 727 Bottle
485 727 513 748 Bottle
508 693 538 720 Bottle
536 456 586 660 Bottle
572 698 595 735 Bottle
572 757 597 790 Bottle
