37
14 213 98 514 Bottle
0 248 20 494 Bottle
8 649 93 799 Bottle
87 347 129 492 Bottle
93 607 161 799 Bottle
99 273 157 487 Bottle
157 265 214 491 Bottle
181 617 251 799 Bottle
219 224 298 491 Bottle
271 637 334 799 Bottle
291 364 353 485 Bottle
319 652 392 799 Bottle
358 285 405 488 Bottle
398 240 470 491 Bottle
400 637 470 799 Bottle
450 662 468 736 Bottle
470 617 538 799 Bottle
477 268 532 492 Bottle
520 643 556 734 Bottle
536 292 620 497 Bottle
546 663 615 799 Bottle
584 409 621 497 Bottle
604 641 677 799 Bottle
611 262 694 471 Bottle
614 401 646 499 Bottle
641 428 680 494 Bottle
685 640 755 799 Bottle
692 285 771 488 Bottle
735 640 762 721 Bottle
755 646 801 799 Bottle
773 398 811 488 Bottle
784 639 858 799 Bottle
808 315 873 488 Bottle
872 301 942 499 Bottle
896 634 1023 799 Bottle
928 253 990 491 Bottle
988 237 1023 487 Bottle
