24
322 629 495 795 Bottle
0 405 138 579 Bottle
0 0 143 131 Bottle
0 176 146 358 Bottle
0 620 146 799 Bottle
121 401 316 582 Bottle
127 176 329 364 Bottle
132 623 314 799 Bottle
135 0 329 135 Bottle
306 407 487 582 Bottle
314 185 511 358 Bottle
316 0 511 134 Bottle
482 400 682 583 Bottle
489 623 686 799 Bottle
495 0 686 134 Bottle
513 177 679 362 Bottle
673 401 862 582 Bottle
676 634 873 799 Bottle
683 183 862 358 Bottle
697 0 862 134 Bottle
852 0 1023 131 Bottle
854 408 1023 586 Bottle
862 634 1023 799 Bottle
870 180 1023 358 Bottle
