30
87 166 112 201 Orange
129 109 168 152 Orange
308 92 343 130 Orange
342 92 378 136 Orange
347 239 389 270 Orange
353 215 392 255 Orange
375 408 405 445 Orange
387 436 412 468 Orange
414 417 442 445 Orange
416 21 455 73 Orange
422 100 465 144 Orange
439 405 460 439 Orange
455 0 490 19 Orange
457 16 485 57 Orange
462 458 490 493 Orange
488 238 514 275 Orange
511 254 547 289 Orange
547 445 576 469 Orange
570 375 595 408 Orange
608 82 649 130 Orange
622 298 656 340 Orange
628 139 670 189 Orange
656 198 682 235 Orange
682 339 716 369 Orange
709 198 749 239 Orange
767 242 808 296 Orange
819 154 852 192 Orange
846 320 880 366 Orange
967 158 999 201 Orange
997 292 1023 332 Orange
