37
0 472 197 669 Apple
0 116 197 342 Apple
14 335 152 461 Apple
16 665 174 798 Apple
17 0 170 130 Apple
99 239 323 461 Apple
113 581 334 798 Apple
152 0 309 129 Apple
156 72 318 133 Apple
195 201 332 352 Apple
197 526 325 643 Apple
289 0 330 20 Apple
328 0 499 70 Apple
332 467 529 679 Apple
339 60 524 245 Apple
339 253 536 443 Apple
369 684 469 798 Apple
387 227 533 332 Apple
442 655 673 798 Apple
485 0 666 119 Apple
499 133 689 308 Apple
515 308 670 433 Apple
524 447 721 660 Apple
528 615 684 708 Apple
679 15 846 105 Apple
679 0 828 25 Apple
686 87 899 298 Apple
714 411 924 638 Apple
718 270 858 321 Apple
718 293 853 436 Apple
732 633 920 798 Apple
816 0 858 35 Apple
828 0 999 113 Apple
842 270 1022 468 Apple
858 125 1009 304 Apple
885 508 1022 700 Apple
919 627 1022 798 Apple
