30
368 578 398 613 Orange
378 306 403 338 Orange
399 287 418 318 Orange
418 319 444 345 Orange
449 333 468 357 Orange
460 655 489 678 Orange
462 710 481 757 Orange
481 263 492 291 Orange
489 333 512 369 Orange
496 532 594 669 Orange
501 249 535 285 Orange
525 369 540 387 Orange
535 338 570 369 Orange
540 392 568 420 Orange
556 130 598 181 Orange
654 514 752 622 Orange
703 115 800 230 Orange
718 439 748 484 Orange
732 420 755 445 Orange
761 369 792 401 Orange
768 345 792 370 Orange
844 486 870 514 Orange
863 165 894 207 Orange
867 350 889 384 Orange
879 655 1016 790 Orange
887 454 925 484 Orange
913 470 934 499 Orange
926 161 958 204 Orange
992 592 1020 688 Orange
1011 323 1023 373 Orange
