47
301 224 391 320 Orange
0 280 53 416 Orange
0 410 55 508 Orange
0 566 92 684 Orange
3 662 149 798 Orange
63 386 197 478 Orange
92 306 201 392 Orange
99 578 230 728 Orange
147 698 274 798 Orange
176 266 255 336 Orange
205 570 336 736 Orange
215 432 336 566 Orange
232 204 338 314 Orange
293 86 393 182 Orange
303 662 461 784 Orange
318 420 409 512 Orange
324 530 451 662 Orange
403 76 489 156 Orange
424 366 524 478 Orange
438 468 557 570 Orange
464 648 599 798 Orange
522 64 585 134 Orange
539 354 635 442 Orange
553 534 674 662 Orange
578 298 662 380 Orange
589 706 743 798 Orange
593 226 668 302 Orange
607 98 678 188 Orange
653 190 720 276 Orange
653 614 797 738 Orange
657 398 735 498 Orange
676 292 758 350 Orange
683 54 737 122 Orange
687 530 781 630 Orange
726 178 780 244 Orange
730 112 797 174 Orange
735 82 783 130 Orange
762 606 874 728 Orange
772 402 864 512 Orange
780 490 860 606 Orange
785 170 849 256 Orange
841 226 916 314 Orange
860 508 912 628 Orange
902 512 952 618 Orange
904 436 983 522 Orange
924 348 1022 438 Orange
985 424 1022 518 Orange
