103
125 269 166 310 Orange
146 306 184 343 Orange
170 273 197 310 Orange
177 344 213 390 Orange
190 314 233 340 Orange
193 298 216 312 Orange
197 254 232 290 Orange
204 418 240 446 Orange
208 308 241 320 Orange
209 370 233 422 Orange
220 262 248 299 Orange
221 327 275 360 Orange
228 427 275 468 Orange
233 229 265 260 Orange
237 464 296 529 Orange
245 378 293 436 Orange
253 244 289 282 Orange
261 401 319 464 Orange
265 294 305 332 Orange
279 322 325 370 Orange
285 510 332 560 Orange
291 357 316 390 Orange
295 246 332 266 Orange
296 426 336 485 Orange
296 256 343 278 Orange
300 212 328 246 Orange
300 542 367 604 Orange
304 281 359 322 Orange
307 389 344 419 Orange
312 608 360 649 Orange
320 332 363 389 Orange
320 472 388 514 Orange
332 216 359 256 Orange
340 413 394 473 Orange
343 244 388 277 Orange
347 314 383 343 Orange
347 504 407 564 Orange
348 641 430 694 Orange
352 357 404 410 Orange
359 566 400 622 Orange
367 225 388 254 Orange
378 291 423 331 Orange
380 446 459 513 Orange
383 248 423 290 Orange
387 580 439 641 Orange
394 260 424 290 Orange
404 237 430 256 Orange
404 376 474 444 Orange
407 324 459 370 Orange
416 556 455 587 Orange
419 442 483 472 Orange
426 641 450 670 Orange
432 260 475 290 Orange
438 287 479 336 Orange
442 240 471 260 Orange
444 580 513 642 Orange
446 480 499 539 Orange
454 543 487 587 Orange
470 365 522 415 Orange
474 266 513 312 Orange
479 240 507 266 Orange
482 295 507 348 Orange
486 398 535 460 Orange
487 322 535 370 Orange
497 576 567 626 Orange
507 250 529 281 Orange
510 446 574 510 Orange
511 418 563 440 Orange
515 518 557 562 Orange
526 266 547 303 Orange
535 228 573 260 Orange
535 356 578 398 Orange
543 258 578 286 Orange
543 291 589 320 Orange
545 316 598 360 Orange
553 410 610 440 Orange
554 543 618 601 Orange
561 500 593 546 Orange
574 442 616 502 Orange
581 278 625 316 Orange
593 356 642 410 Orange
594 310 641 344 Orange
601 500 662 560 Orange
606 269 648 306 Orange
609 331 646 365 Orange
622 455 680 506 Orange
629 410 688 460 Orange
641 382 692 423 Orange
646 361 692 398 Orange
650 343 676 370 Orange
650 510 708 566 Orange
656 318 689 349 Orange
668 448 716 485 Orange
673 349 713 380 Orange
677 485 744 518 Orange
692 364 729 415 Orange
709 405 773 463 Orange
725 370 749 402 Orange
728 349 757 364 Orange
733 448 781 506 Orange
760 365 808 411 Orange
773 451 808 494 Orange
792 406 839 452 Orange
