38
132 329 167 355 Orange
137 304 160 334 Orange
163 394 184 426 Orange
167 281 191 313 Orange
175 622 192 641 Orange
179 591 199 617 Orange
183 232 215 263 Orange
188 518 211 541 Orange
215 486 234 521 Orange
215 401 242 426 Orange
216 361 251 397 Orange
222 343 247 366 Orange
231 525 261 549 Orange
240 244 267 265 Orange
250 392 282 420 Orange
279 546 312 587 Orange
285 417 310 449 Orange
289 373 322 411 Orange
291 527 312 555 Orange
321 411 350 435 Orange
326 522 353 572 Orange
330 361 357 394 Orange
361 310 392 350 Orange
364 493 401 530 Orange
377 430 392 458 Orange
392 328 421 352 Orange
396 338 436 361 Orange
403 438 415 470 Orange
424 421 435 444 Orange
436 513 466 559 Orange
491 540 506 572 Orange
507 522 526 549 Orange
522 507 550 544 Orange
535 546 562 564 Orange
550 507 577 541 Orange
562 461 584 486 Orange
566 486 581 502 Orange
604 491 633 528 Orange
