45
724 366 801 436 Orange
57 518 109 570 Orange
114 554 177 613 Orange
122 500 184 546 Orange
129 463 196 517 Orange
188 605 229 645 Orange
188 460 237 521 Orange
209 550 268 601 Orange
221 402 275 442 Orange
225 597 288 653 Orange
236 340 288 397 Orange
236 488 296 530 Orange
245 273 304 332 Orange
245 464 315 506 Orange
280 587 344 666 Orange
284 356 331 418 Orange
288 240 331 281 Orange
300 494 359 539 Orange
319 182 368 246 Orange
320 277 371 314 Orange
332 324 384 364 Orange
343 556 410 632 Orange
372 250 419 322 Orange
378 340 434 405 Orange
408 529 464 592 Orange
418 241 470 303 Orange
454 290 502 336 Orange
454 162 513 228 Orange
464 401 526 456 Orange
478 468 526 521 Orange
490 246 535 294 Orange
527 432 567 468 Orange
529 390 574 426 Orange
529 464 586 546 Orange
574 335 630 386 Orange
581 422 625 485 Orange
581 390 626 426 Orange
589 286 645 331 Orange
597 492 636 547 Orange
654 302 688 361 Orange
656 463 709 514 Orange
666 258 732 295 Orange
682 411 737 477 Orange
801 270 852 328 Orange
831 310 880 353 Orange
