39
332 493 435 624 Orange
0 526 55 586 Orange
0 715 123 799 Orange
0 558 37 622 Orange
35 540 96 586 Orange
76 504 123 553 Orange
114 592 249 715 Orange
122 698 204 799 Orange
151 697 323 799 Orange
214 454 261 517 Orange
220 481 316 559 Orange
228 530 343 629 Orange
253 606 370 710 Orange
295 461 352 518 Orange
299 673 398 772 Orange
348 697 492 799 Orange
391 619 478 666 Orange
425 652 547 735 Orange
433 544 528 650 Orange
496 721 623 799 Orange
529 514 634 634 Orange
555 615 663 715 Orange
594 481 650 537 Orange
627 481 714 568 Orange
639 532 752 656 Orange
694 454 741 521 Orange
704 747 824 799 Orange
718 634 789 707 Orange
724 517 819 606 Orange
748 587 838 660 Orange
759 655 887 789 Orange
795 490 875 581 Orange
830 569 925 670 Orange
855 477 914 546 Orange
867 637 972 770 Orange
889 509 968 600 Orange
895 752 1004 799 Orange
926 564 1023 687 Orange
976 670 1023 770 Orange
