34
0 710 30 735 Orange
47 519 75 548 Orange
82 427 122 460 Orange
142 552 174 576 Orange
143 252 179 310 Orange
178 240 219 301 Orange
179 189 230 230 Orange
210 597 230 630 Orange
238 605 278 631 Orange
262 398 319 469 Orange
346 431 407 506 Orange
379 102 418 155 Orange
398 152 434 198 Orange
434 185 486 222 Orange
446 401 506 447 Orange
475 765 530 799 Orange
499 372 547 418 Orange
530 514 595 556 Orange
537 406 601 459 Orange
582 265 614 290 Orange
582 681 639 740 Orange
654 752 707 799 Orange
658 297 678 344 Orange
707 485 747 547 Orange
714 630 742 655 Orange
726 323 751 372 Orange
731 523 778 564 Orange
751 476 783 506 Orange
770 494 803 531 Orange
931 673 991 710 Orange
942 718 971 748 Orange
974 640 1006 669 Orange
998 615 1019 660 Orange
998 689 1023 715 Orange
