55
3 453 112 525 Orange
7 201 65 286 Orange
14 355 86 453 Orange
27 85 107 171 Orange
56 166 145 263 Orange
73 290 148 393 Orange
81 535 128 628 Orange
83 398 187 498 Orange
86 620 187 745 Orange
110 78 227 206 Orange
112 246 222 341 Orange
128 338 252 463 Orange
148 505 256 640 Orange
164 185 262 241 Orange
180 41 273 133 Orange
193 381 305 505 Orange
195 685 289 765 Orange
211 578 340 723 Orange
216 266 304 350 Orange
236 121 323 223 Orange
270 476 380 606 Orange
276 0 331 115 Orange
302 195 398 330 Orange
307 345 374 425 Orange
307 686 428 793 Orange
326 11 443 173 Orange
336 8 440 138 Orange
364 355 505 485 Orange
368 168 448 281 Orange
369 475 484 540 Orange
406 531 499 683 Orange
440 55 556 181 Orange
440 663 560 798 Orange
443 160 556 298 Orange
491 0 596 63 Orange
491 415 598 548 Orange
502 15 593 48 Orange
537 500 697 665 Orange
547 331 676 475 Orange
585 158 721 281 Orange
601 0 731 50 Orange
611 620 764 775 Orange
652 21 788 180 Orange
664 405 801 555 Orange
679 250 822 411 Orange
707 440 884 611 Orange
761 555 950 721 Orange
768 721 921 798 Orange
772 98 942 275 Orange
809 333 939 505 Orange
876 0 1011 115 Orange
907 273 1022 480 Orange
913 488 1022 645 Orange
923 123 1022 290 Orange
923 643 1022 791 Orange
