60
0 760 32 799 Person
3 762 18 782 Person
18 772 34 793 Person
29 775 44 799 Person
33 714 85 799 Person
79 747 94 768 Person
79 734 98 768 Person
81 765 120 799 Person
101 744 152 799 Person
134 750 167 799 Person
151 754 186 799 Person
169 750 200 799 Person
192 760 208 791 Person
194 770 245 799 Person
231 737 261 799 Person
254 760 269 793 Person
257 748 305 799 Person
294 739 344 799 Person
318 731 337 775 Person
341 747 370 785 Person
341 733 417 799 Person
359 716 389 747 Person
396 763 418 793 Person
400 742 410 764 Person
413 732 450 766 Person
413 758 455 799 Person
440 747 453 763 Person
443 753 460 773 Person
449 729 506 799 Person
454 753 459 764 Person
468 127 545 251 Person
480 739 488 753 Person
480 753 490 770 Person
492 744 501 770 Person
493 727 533 799 Person
510 766 534 799 Person
525 736 544 778 Person
535 764 555 799 Person
536 738 547 763 Person
543 727 584 799 Person
567 739 589 799 Person
570 733 581 754 Person
581 736 588 763 Person
609 753 645 799 Person
635 732 666 782 Person
643 727 712 799 Person
679 747 695 775 Person
686 736 698 756 Person
688 738 693 750 Person
694 730 710 750 Person
695 744 723 795 Person
705 742 724 773 Person
712 739 759 799 Person
715 736 724 761 Person
745 729 769 770 Person
746 756 844 799 Person
766 727 814 766 Person
808 702 871 799 Person
845 701 903 789 Person
875 739 935 799 Person
