35
0 303 46 440 Person
37 138 328 799 Person
239 299 279 365 Person
248 309 327 431 Person
286 317 325 391 Person
312 314 346 359 Person
332 321 388 437 Person
353 314 385 403 Person
370 308 425 388 Person
371 317 410 362 Person
374 306 407 354 Person
392 317 490 525 Person
416 308 448 342 Person
423 320 456 368 Person
438 315 484 378 Person
462 314 522 519 Person
488 289 533 342 Person
494 333 525 394 Person
512 321 585 496 Person
542 317 573 368 Person
565 314 608 424 Person
586 318 609 356 Person
594 318 640 443 Person
623 320 644 356 Person
631 314 672 414 Person
668 330 729 465 Person
696 320 736 430 Person
735 325 778 412 Person
759 324 792 390 Person
769 331 844 484 Person
829 345 888 474 Person
870 291 908 345 Person
874 327 915 442 Person
892 328 967 500 Person
931 327 971 399 Person
