24
0 491 47 611 Person
15 446 78 516 Person
47 488 127 610 Person
60 436 77 448 Person
75 434 95 444 Person
93 437 104 448 Person
105 475 276 659 Person
133 434 190 476 Person
248 461 334 614 Person
253 487 349 629 Person
362 450 444 621 Person
388 252 754 673 Person
490 463 715 774 Person
570 424 628 477 Person
586 449 712 617 Person
633 421 717 548 Person
743 446 778 461 Person
750 446 822 613 Person
787 438 808 462 Person
831 444 868 509 Person
855 443 890 505 Person
861 472 945 614 Person
915 438 976 500 Person
973 438 1011 495 Person
