24
3 382 49 503 Person
60 307 174 660 Person
147 387 193 481 Person
197 400 219 484 Person
218 300 321 657 Person
302 297 388 637 Person
370 301 424 589 Person
401 320 471 634 Person
463 327 547 643 Person
530 303 630 585 Person
548 329 647 637 Person
624 307 690 616 Person
674 312 769 643 Person
741 306 778 368 Person
759 333 803 528 Person
789 332 821 484 Person
810 344 876 668 Person
853 323 908 513 Person
866 307 910 481 Person
895 301 951 467 Person
917 341 983 545 Person
931 301 974 361 Person
961 309 999 381 Person
981 332 1023 581 Person
