23
59 402 89 498 Person
100 394 138 493 Person
160 389 199 510 Person
190 394 238 523 Person
244 383 269 478 Person
279 394 311 489 Person
319 389 344 501 Person
328 423 410 592 Person
395 389 437 578 Person
432 405 504 591 Person
505 429 568 644 Person
519 341 568 442 Person
601 402 638 508 Person
654 390 688 512 Person
696 386 736 498 Person
726 401 771 541 Person
757 489 819 587 Person
765 404 787 497 Person
801 403 841 531 Person
828 479 904 740 Person
883 410 920 560 Person
904 413 950 560 Person
916 429 966 692 Person
