29
886 22 981 121 Bird
0 480 61 556 Bird
62 401 170 449 Bird
97 438 187 532 Bird
102 200 208 300 Bird
145 486 207 572 Bird
263 438 355 536 Bird
306 342 359 432 Bird
314 423 416 473 Bird
348 473 416 538 Bird
360 302 455 356 Bird
375 303 459 394 Bird
409 522 478 614 Bird
435 247 507 332 Bird
446 456 503 552 Bird
501 370 592 456 Bird
507 214 604 300 Bird
528 349 645 474 Bird
605 295 679 400 Bird
626 284 713 321 Bird
657 157 744 270 Bird
728 300 775 371 Bird
732 296 812 415 Bird
736 117 830 184 Bird
741 240 817 328 Bird
803 378 860 482 Bird
816 150 901 269 Bird
941 352 1011 434 Bird
954 233 1023 382 Bird
