98
7 370 17 382 Bird
13 361 26 375 Bird
19 378 30 389 Bird
23 361 30 374 Bird
30 411 48 423 Bird
35 366 42 374 Bird
76 390 83 403 Bird
78 354 88 366 Bird
84 375 88 383 Bird
90 350 97 360 Bird
90 371 100 383 Bird
103 354 108 361 Bird
107 432 133 445 Bird
129 379 142 405 Bird
133 350 153 365 Bird
136 364 145 379 Bird
145 368 158 383 Bird
145 378 162 403 Bird
151 354 161 362 Bird
151 392 162 405 Bird
160 355 172 362 Bird
161 379 173 400 Bird
161 394 184 418 Bird
163 362 169 382 Bird
173 372 181 396 Bird
173 362 184 386 Bird
174 392 203 436 Bird
178 433 194 451 Bird
184 355 192 360 Bird
188 409 227 447 Bird
190 477 204 492 Bird
193 354 200 364 Bird
193 368 206 386 Bird
197 361 206 384 Bird
200 405 229 422 Bird
208 354 223 386 Bird
210 430 240 455 Bird
230 411 259 445 Bird
234 366 245 383 Bird
240 384 268 404 Bird
240 396 268 423 Bird
245 350 270 380 Bird
266 433 309 455 Bird
275 364 293 400 Bird
288 459 322 485 Bird
293 422 334 459 Bird
295 356 309 386 Bird
297 394 338 426 Bird
309 376 337 401 Bird
314 343 325 373 Bird
320 348 337 386 Bird
332 358 364 391 Bird
345 398 371 453 Bird
362 507 383 521 Bird
364 372 392 401 Bird
368 420 392 444 Bird
373 403 414 426 Bird
387 506 400 518 Bird
398 364 435 396 Bird
401 503 414 515 Bird
403 515 419 529 Bird
411 507 421 518 Bird
415 405 437 455 Bird
424 504 441 522 Bird
432 409 480 455 Bird
441 398 457 413 Bird
444 504 465 523 Bird
460 457 522 485 Bird
464 404 486 417 Bird
466 500 481 517 Bird
477 416 494 435 Bird
498 416 548 443 Bird
502 434 535 481 Bird
519 470 572 491 Bird
535 485 561 509 Bird
547 473 585 491 Bird
554 424 596 479 Bird
560 390 602 427 Bird
563 409 600 442 Bird
564 439 611 460 Bird
590 389 629 442 Bird
599 446 645 495 Bird
613 427 631 443 Bird
621 433 645 468 Bird
643 479 659 497 Bird
647 441 664 464 Bird
648 465 704 530 Bird
667 446 725 469 Bird
678 457 721 495 Bird
693 516 716 551 Bird
705 482 768 504 Bird
714 451 764 473 Bird
720 464 769 485 Bird
765 478 794 501 Bird
798 467 816 517 Bird
798 455 846 509 Bird
890 475 935 504 Bird
962 455 987 505 Bird
