40
305 286 349 338 Person
307 270 352 303 Person
334 299 378 349 Person
363 277 396 329 Person
381 284 407 326 Person
390 217 659 480 Person
402 295 441 342 Person
410 275 452 315 Person
438 282 462 337 Person
443 288 488 333 Person
454 270 485 293 Person
491 274 517 290 Person
493 270 514 284 Person
561 269 590 284 Person
588 266 627 285 Person
592 274 621 305 Person
621 284 660 334 Person
639 267 671 299 Person
658 260 674 289 Person
660 278 699 329 Person
678 260 705 278 Person
684 267 718 318 Person
708 270 755 320 Person
726 256 749 275 Person
747 263 767 312 Person
760 252 791 274 Person
765 271 802 327 Person
773 258 815 316 Person
799 270 859 329 Person
815 245 854 273 Person
827 258 862 288 Person
834 274 975 392 Person
849 267 898 322 Person
862 254 893 286 Person
862 244 898 271 Person
898 238 963 267 Person
922 259 961 318 Person
927 248 953 274 Person
982 230 1023 269 Person
987 247 1023 311 Person
