59
32 568 65 647 Person
108 592 142 660 Person
193 509 245 629 Person
242 512 272 577 Person
296 537 317 638 Person
316 535 343 646 Person
339 572 372 675 Person
387 541 416 679 Person
403 541 435 669 Person
426 541 453 692 Person
463 269 490 352 Person
471 550 494 678 Person
490 264 529 345 Person
506 568 533 684 Person
518 264 549 341 Person
526 606 572 710 Person
538 272 560 350 Person
561 463 588 527 Person
583 467 608 601 Person
602 598 645 730 Person
620 403 644 540 Person
620 253 650 310 Person
636 499 667 629 Person
654 249 686 306 Person
659 514 687 622 Person
674 670 707 735 Person
675 364 702 466 Person
699 670 727 733 Person
711 466 757 592 Person
741 688 788 748 Person
746 360 780 493 Person
753 231 784 295 Person
772 300 796 392 Person
776 392 835 532 Person
785 222 813 300 Person
801 578 835 675 Person
824 255 847 329 Person
824 407 868 532 Person
824 592 887 660 Person
832 231 863 278 Person
843 304 871 393 Person
859 389 894 526 Person
864 338 910 383 Person
890 389 923 508 Person
892 232 915 310 Person
906 669 942 733 Person
906 526 943 624 Person
908 318 923 375 Person
914 227 943 310 Person
922 375 953 489 Person
926 310 961 375 Person
935 678 963 742 Person
938 535 977 629 Person
958 310 978 426 Person
965 678 998 742 Person
965 535 1018 634 Person
977 315 1020 449 Person
990 235 1006 295 Person
994 684 1022 754 Person
