28
739 193 840 473 Person
0 355 32 498 Person
0 198 69 269 Person
1 295 187 600 Person
53 106 187 336 Person
132 360 182 523 Person
162 204 268 470 Person
187 458 241 559 Person
211 313 407 652 Person
218 369 264 517 Person
262 83 383 360 Person
286 470 348 569 Person
375 207 498 532 Person
443 360 666 678 Person
462 445 494 568 Person
489 472 513 578 Person
497 130 627 412 Person
564 424 587 587 Person
579 424 638 596 Person
619 267 729 527 Person
662 480 687 590 Person
699 429 898 710 Person
721 514 764 619 Person
844 319 953 610 Person
926 454 965 666 Person
961 480 1016 692 Person
969 458 982 544 Person
998 445 1023 521 Person
