29
62 30 120 117 Person
128 190 163 213 Person
128 568 176 640 Person
131 306 159 346 Person
160 558 207 635 Person
161 131 192 221 Person
211 34 250 106 Person
234 352 259 408 Person
250 350 289 416 Person
253 597 286 638 Person
305 28 401 98 Person
309 523 357 632 Person
329 508 362 557 Person
329 388 368 468 Person
341 260 395 369 Person
387 258 426 356 Person
423 60 446 90 Person
436 52 448 84 Person
480 496 540 594 Person
520 27 544 43 Person
583 27 634 115 Person
650 493 707 662 Person
665 27 809 87 Person
808 173 928 259 Person
833 523 904 582 Person
837 290 912 454 Person
844 34 892 103 Person
881 27 919 95 Person
901 317 933 347 Person
