29
22 363 200 664 Person
11 346 106 502 Person
155 349 263 496 Person
228 336 296 436 Person
238 591 664 799 Person
249 352 394 508 Person
321 321 413 446 Person
363 309 437 400 Person
393 400 625 696 Person
413 350 553 529 Person
426 310 502 415 Person
506 300 552 379 Person
540 302 579 397 Person
549 325 634 462 Person
580 365 741 556 Person
620 308 675 383 Person
622 288 668 350 Person
647 400 956 777 Person
666 310 766 427 Person
679 291 711 316 Person
680 262 711 291 Person
693 338 823 496 Person
708 310 768 374 Person
780 317 852 428 Person
826 300 900 405 Person
837 342 991 590 Person
873 294 922 358 Person
906 321 992 482 Person
930 302 1004 387 Person
