33
0 0 70 273 Person
0 55 85 267 Person
0 105 295 781 Person
37 46 101 131 Person
45 0 115 55 Person
126 0 200 118 Person
165 55 315 550 Person
243 117 486 799 Person
275 0 326 86 Person
327 0 394 118 Person
365 35 436 144 Person
394 0 475 90 Person
420 90 663 799 Person
435 57 504 137 Person
458 0 529 78 Person
554 43 622 226 Person
576 100 836 796 Person
635 0 715 105 Person
700 106 851 761 Person
702 42 830 166 Person
766 0 830 134 Person
777 150 963 721 Person
820 126 915 312 Person
845 0 902 86 Person
849 72 907 171 Person
872 48 922 140 Person
877 166 986 351 Person
882 0 963 81 Person
887 67 986 183 Person
897 169 1023 703 Person
917 0 1021 81 Person
928 100 1011 210 Person
981 86 1023 177 Person
