26
26 20 64 77 Person
65 15 118 83 Person
107 465 265 764 Person
114 26 158 81 Person
156 23 203 79 Person
172 155 289 501 Person
349 248 501 505 Person
355 648 402 744 Person
398 644 435 764 Person
432 641 492 767 Person
562 22 660 318 Person
684 25 732 80 Person
729 35 776 83 Person
777 35 820 87 Person
779 580 1006 759 Person
820 42 865 89 Person
836 187 873 248 Person
855 143 892 198 Person
859 244 905 311 Person
865 45 905 96 Person
875 183 913 253 Person
891 140 924 201 Person
898 147 1023 480 Person
909 47 946 105 Person
947 54 988 105 Person
987 61 1017 111 Person
