34
44 447 157 540 Orange
0 431 58 528 Orange
0 531 64 630 Orange
39 541 210 621 Orange
125 254 182 301 Orange
135 406 202 458 Orange
173 271 226 294 Orange
177 231 198 263 Orange
185 470 277 556 Orange
186 351 242 424 Orange
189 239 242 276 Orange
206 519 344 615 Orange
214 208 252 248 Orange
216 407 297 503 Orange
242 253 293 285 Orange
244 365 305 415 Orange
265 211 301 250 Orange
285 215 325 262 Orange
300 431 372 517 Orange
321 258 383 285 Orange
323 463 427 570 Orange
328 229 367 253 Orange
336 212 391 243 Orange
395 407 474 496 Orange
549 248 565 276 Orange
553 277 561 296 Orange
578 281 606 310 Orange
606 277 642 313 Orange
644 289 672 313 Orange
673 282 696 301 Orange
732 254 771 282 Orange
779 250 807 294 Orange
851 271 878 305 Orange
907 262 955 296 Orange
