24
659 312 873 551 Apple
162 444 237 517 Apple
179 574 284 694 Apple
237 472 318 565 Apple
359 79 456 196 Apple
398 382 446 431 Apple
432 336 512 422 Apple
525 409 584 462 Apple
552 330 608 400 Apple
565 622 615 672 Apple
638 0 812 82 Apple
648 91 689 205 Apple
705 581 761 652 Apple
816 0 846 30 Apple
817 142 921 233 Apple
829 710 848 762 Apple
841 243 958 363 Apple
858 568 894 611 Apple
867 431 919 475 Apple
926 211 1011 303 Apple
928 628 976 682 Apple
940 750 976 799 Apple
958 441 1010 473 Apple
984 772 1013 799 Apple
