32
0 577 32 607 Orange
20 546 73 583 Orange
43 568 81 605 Orange
84 537 123 581 Orange
108 572 139 615 Orange
129 537 182 593 Orange
166 576 184 615 Orange
184 537 228 586 Orange
201 583 231 613 Orange
508 572 582 623 Orange
558 543 609 581 Orange
592 581 640 618 Orange
612 547 672 590 Orange
636 583 668 622 Orange
664 580 696 618 Orange
667 547 723 583 Orange
684 503 745 555 Orange
707 588 772 623 Orange
734 550 792 586 Orange
753 503 812 553 Orange
760 583 827 622 Orange
804 556 843 588 Orange
819 516 875 556 Orange
830 581 881 628 Orange
862 562 913 592 Orange
875 507 929 560 Orange
884 588 934 623 Orange
916 558 956 583 Orange
924 513 993 560 Orange
945 586 995 623 Orange
979 543 1022 593 Orange
1004 496 1022 541 Orange
