54
0 751 49 799 Orange
0 5 62 128 Orange
0 203 117 363 Orange
0 511 192 794 Orange
2 0 137 105 Orange
3 128 101 214 Orange
3 386 144 546 Orange
50 347 184 495 Orange
55 83 133 173 Orange
108 122 227 308 Orange
121 0 172 43 Orange
129 740 238 799 Orange
133 35 294 135 Orange
149 436 344 645 Orange
192 615 350 784 Orange
216 0 316 84 Orange
216 130 373 292 Orange
250 770 356 799 Orange
305 418 443 645 Orange
325 35 405 152 Orange
330 159 439 343 Orange
336 0 460 45 Orange
356 287 525 476 Orange
357 615 530 799 Orange
405 135 499 293 Orange
411 38 491 139 Orange
423 761 545 799 Orange
459 426 533 580 Orange
463 38 502 114 Orange
494 0 621 83 Orange
495 98 648 299 Orange
499 277 537 317 Orange
499 607 651 799 Orange
511 317 578 426 Orange
539 413 718 572 Orange
549 307 708 452 Orange
582 705 743 799 Orange
598 242 704 334 Orange
600 65 683 152 Orange
639 128 759 264 Orange
653 0 801 114 Orange
690 481 762 592 Orange
703 122 793 169 Orange
710 381 844 547 Orange
710 184 877 364 Orange
735 661 889 799 Orange
794 18 879 159 Orange
802 456 974 626 Orange
806 0 869 59 Orange
838 343 967 476 Orange
924 774 1021 799 Orange
947 517 1023 675 Orange
948 647 1023 776 Orange
978 292 1023 497 Orange
