48
115 40 355 159 Bottle
133 167 202 252 Bottle
142 246 222 331 Bottle
154 338 229 429 Bottle
168 430 237 513 Bottle
175 503 240 589 Bottle
187 44 432 172 Bottle
199 180 273 269 Bottle
207 276 289 357 Bottle
218 362 311 452 Bottle
225 444 305 534 Bottle
240 528 312 612 Bottle
248 56 501 181 Bottle
256 192 348 286 Bottle
273 268 359 368 Bottle
286 368 376 477 Bottle
296 468 377 556 Bottle
305 552 394 644 Bottle
323 60 567 207 Bottle
325 204 433 306 Bottle
337 314 432 396 Bottle
352 401 434 488 Bottle
353 488 442 583 Bottle
371 575 471 662 Bottle
391 70 643 211 Bottle
404 208 506 330 Bottle
413 314 512 429 Bottle
424 419 522 520 Bottle
435 506 520 602 Bottle
442 583 532 689 Bottle
483 239 589 349 Bottle
487 87 730 230 Bottle
494 348 600 447 Bottle
498 436 602 534 Bottle
508 532 620 640 Bottle
516 627 620 720 Bottle
572 239 696 364 Bottle
572 97 806 251 Bottle
579 353 689 473 Bottle
586 462 699 565 Bottle
592 552 699 655 Bottle
599 638 709 748 Bottle
654 105 895 273 Bottle
659 214 904 388 Bottle
672 294 900 495 Bottle
678 482 895 688 Bottle
680 570 893 784 Bottle
680 394 895 593 Bottle
