5.12 1.919148 27.52 20.472958000000002 Bird
35.2 3.1985799999999998 65.28 20.472958000000002 Bird
88.96 113.879678 110.08 127.954794 Bird
115.2 193.85168 128.64 208.566512 Bird
129.92 37.746654 147.84 53.101202 Bird
131.2 10.236138 146.56 29.429664 Bird
141.44 152.90644600000002 154.88 161.863152 Bird
193.92 126.675362 225.28 150.3469 Bird
206.08 0.0 224.0 20.472958000000002 Bird
225.28 122.83706600000002 246.4 135.632068 Bird
232.32 81.89115 246.4 94.047118 Bird
251.52 50.54233800000001 272.64 67.816034 Bird
259.84 15.354548 281.6 36.46722200000001 Bird
304.0 135.632068 322.56 146.508604 Bird
334.08 50.54233800000001 356.48 67.816034 Bird
346.24 90.20814 364.8 104.283256 Bird
357.76 15.354548 380.16 30.709096 Bird
363.52 62.697624 380.16 75.493308 Bird
398.72 75.493308 417.28 94.047118 Bird
433.92 72.93444400000001 446.08 85.73012800000001 Bird
503.68 177.857416 519.04 195.13111199999997 Bird
535.04 170.180142 547.2 182.975826 Bird
541.44 134.35263600000002 557.44 146.508604 Bird
593.92 97.885414 611.2 110.681098 Bird
618.88 20.472958000000002 637.44 35.18779 Bird
722.56 7.037558 746.24 25.590686 Bird
752.64 111.96053 764.8 121.55695199999998 Bird
797.44 0.0 822.4 10.236138 Bird
835.84 67.816034 855.04 80.611718 Bird
872.32 76.77274 885.12 90.20814 Bird
