650.88 574.192022 749.44 715.020594 Bird
69.76 581.8740260000001 104.32 637.564471 Bird
202.24 565.870872 240.64 623.4818180000001 Bird
246.4 684.293599 317.44 734.8637289999999 Bird
312.32 766.870037 354.56 822.561503 Bird
319.36 722.7015769999999 366.72 771.9913730000001 Bird
333.44 683.014286 378.88 734.8637289999999 Bird
458.88 633.72449 485.12 680.453618 Bird
513.28 705.418089 540.8 763.0290350000001 Bird
523.52 707.3385900000001 554.88 759.829221 Bird
535.68 632.444156 609.28 733.583395 Bird
624.64 627.32282 652.8 684.293599 Bird
677.12 707.3385900000001 783.36 786.0740260000001 Bird
837.12 592.115677 945.28 740.625232 Bird
919.68 707.3385900000001 1023.36 876.3314469999999 Bird
