849.28 336.63974399999995 930.56 435.200256 Bird
138.24 275.199744 154.24 309.12 Bird
182.4 279.03974400000004 244.48 327.680256 Bird
223.36 282.87974399999996 268.16 343.68 Bird
270.72 284.15999999999997 304.0 341.12025600000004 Bird
331.52 285.44025600000003 372.48 350.720256 Bird
371.2 314.88 413.44 360.96 Bird
413.44 314.88 448.0 371.840256 Bird
475.52 314.88 519.68 380.799744 Bird
522.24 328.959744 572.16 379.520256 Bird
577.92 323.840256 635.52 383.36025600000005 Bird
688.64 321.279744 736.64 407.04 Bird
740.48 326.4 796.16 410.24025600000004 Bird
