771.2 160.14331800000002 867.2 224.20049300000002 Bird
15.36 579.717624 30.08 592.52982 Bird
31.36 564.984664 40.32 573.312287 Bird
80.0 625.839551 92.8 641.2132730000001 Bird
186.24 616.230404 200.32 637.369462 Bird
222.72 579.717624 237.44 592.52982 Bird
318.72 608.543543 335.36 632.244888 Bird
341.12 562.422377 348.8 568.828475 Bird
439.04 587.4052459999999 452.48 605.981256 Bird
455.04 568.828475 473.6 577.155337 Bird
545.28 584.842959 553.6 591.248296 Bird
611.2 591.248296 624.0 608.543543 Bird
708.48 591.248296 716.16 602.138206 Bird
711.04 597.654394 725.12 611.10583 Bird
