3.2 0.0 71.04 13.449492 Bird
60.8 424.617624 423.04 537.3374040000001 Bird
92.16 94.786668 256.0 211.348476 Bird
102.4 499.55050800000004 425.6 607.14576 Bird
144.64 5.764068 218.24 74.932884 Bird
273.28 71.090172 440.96 181.247004 Bird
278.4 190.853784 522.24 273.47209200000003 Bird
308.48 0.0 373.12 52.516836 Bird
344.32 388.112544 643.2 488.02237199999996 Bird
375.68 47.392992 462.08 114.640452 Bird
428.16 120.40451999999999 561.92 254.25853200000003 Bird
510.72 22.416048 599.68 131.29243200000002 Bird
517.12 423.33717600000006 817.92 546.9435 Bird
593.28 0.0 645.76 63.404748 Bird
667.52 544.38192 967.04 635.9661 Bird
675.84 0.0 789.12 48.674124 Bird
