7.04 355.496448 17.28 367.02566399999995 Bird
13.44 347.16902400000004 26.88 360.620544 Bird
19.84 363.182592 30.72 374.07206399999995 Bird
23.68 347.16902400000004 30.72 359.33952 Bird
30.72 395.20972800000004 48.0 406.098432 Bird
35.84 351.653376 42.24 359.33952 Bird
76.8 375.35308799999996 83.2 386.882304 Bird
78.08 340.76390399999997 88.96 351.653376 Bird
84.48 360.620544 88.96 368.306688 Bird
90.24 336.920832 97.92 345.88800000000003 Bird
90.24 356.777472 100.48 368.306688 Bird
103.04 340.76390399999997 108.8 347.16902400000004 Bird
107.52 415.0656 133.76 427.87660800000003 Bird
129.92 364.463616 142.72 389.444352 Bird
133.76 336.28031999999996 153.6 351.012864 Bird
136.32 349.731072 145.28 364.463616 Bird
145.28 354.215424 158.72 368.306688 Bird
145.28 363.182592 162.56 386.882304 Bird
151.04 340.12339199999997 161.28 347.80953600000004 Bird
151.04 376.634112 162.56 389.444352 Bird
160.0 341.404416 172.16 347.80953600000004 Bird
161.28 364.463616 173.44 384.320256 Bird
161.28 379.19615999999996 184.96 401.61484799999994 Bird
163.84 348.450048 169.6 367.02566399999995 Bird
173.44 358.058496 181.12 380.47718399999997 Bird
173.44 348.450048 184.96 371.50924799999996 Bird
174.72 376.634112 203.52 418.90944 Bird
178.56 416.346624 194.56 433.641216 Bird
184.96 341.404416 192.0 346.52851200000003 Bird
188.16 393.287424 227.2 429.1576319999999 Bird
190.72 457.98144 204.8 472.713984 Bird
193.28 340.12339199999997 200.96 350.372352 Bird
193.28 354.215424 206.08 371.50924799999996 Bird
197.12 347.16902400000004 206.08 369.587712 Bird
200.96 389.444352 229.12 405.45791999999994 Bird
208.0 340.76390399999997 223.36 371.50924799999996 Bird
210.56 413.14406399999996 240.64 436.84377599999993 Bird
230.4 394.56844799999993 259.2 427.87660800000003 Bird
234.24 352.29388800000004 245.76 368.306688 Bird
240.64 369.587712 268.8 388.163328 Bird
240.64 381.117696 268.8 406.73894399999995 Bird
245.76 336.28031999999996 270.08 365.74464 Bird
266.88 415.70611199999996 309.76 436.84377599999993 Bird
275.2 349.731072 293.76 384.320256 Bird
288.0 440.687616 322.56 466.30886399999997 Bird
293.76 405.45791999999994 334.72 440.687616 Bird
295.04 342.68544 309.76 370.868736 Bird
297.6 378.555648 338.56 409.30099199999995 Bird
309.76 361.26105600000005 337.28 385.60128 Bird
314.88 329.8752 325.12 358.69900800000005 Bird
320.0 334.999296 337.28 370.868736 Bird
332.16 344.606976 364.8 375.9936 Bird
345.6 383.03923199999997 371.84 435.56275200000005 Bird
362.24 487.44652800000006 383.36 500.2567680000001 Bird
364.8 357.41798400000005 392.96 385.60128 Bird
368.64 403.536384 392.96 426.59558400000003 Bird
373.12 386.882304 414.08 409.30099199999995 Bird
387.2 486.164736 400.64 497.69471999999996 Bird
398.08 350.372352 435.2 381.117696 Bird
401.92 482.962176 414.08 494.49215999999996 Bird
403.2 495.13267199999996 419.2 508.58419200000003 Bird
411.52 487.44652800000006 421.76 497.69471999999996 Bird
415.36 389.444352 437.76 436.84377599999993 Bird
424.32 484.2432 441.6 501.53779199999997 Bird
432.64 393.287424 480.0 436.84377599999993 Bird
441.6 382.39871999999997 457.6 397.131264 Bird
444.16 484.2432 465.28 502.81881599999997 Bird
460.16 439.40582400000005 522.24 466.30886399999997 Bird
464.0 388.163328 486.4 400.97433600000005 Bird
466.56 480.400128 481.28 497.054208 Bird
477.44 399.69331200000005 494.72 418.268928 Bird
498.56 399.69331200000005 548.48 425.31456000000003 Bird
502.4 416.98713599999996 535.68 461.824512 Bird
519.68 451.57632 572.16 471.43296 Bird
535.68 466.30886399999997 561.92 488.72755200000006 Bird
547.2 454.138368 585.6 471.43296 Bird
554.24 407.379456 596.48 460.543488 Bird
560.64 375.35308799999996 602.88 409.941504 Bird
563.2 392.64691200000004 600.32 424.67404799999997 Bird
564.48 422.112 611.84 441.96864 Bird
590.72 374.07206399999995 629.12 424.67404799999997 Bird
599.04 428.51712 645.12 475.916544 Bird
613.12 409.941504 631.68 425.95507200000003 Bird
621.44 416.346624 645.12 449.654784 Bird
643.84 460.543488 659.84 477.197568 Bird
647.68 423.393024 664.96 445.811712 Bird
648.32 446.452224 704.0 509.224704 Bird
667.52 428.51712 725.76 450.935808 Bird
678.4 439.40582400000005 721.92 475.916544 Bird
693.76 495.773184 716.8 529.080576 Bird
705.92 463.10553600000003 768.0 484.2432 Bird
714.88 433.641216 764.16 454.77888 Bird
720.64 445.811712 769.28 465.668352 Bird
765.44 459.2624639999999 794.24 481.681152 Bird
798.72 448.37376 816.64 497.054208 Bird
798.72 437.484288 846.08 489.36806399999995 Bird
890.88 456.059904 935.68 484.2432 Bird
962.56 437.484288 987.52 485.52499199999994 Bird
