0.0 624.0 14.710375 641.92 Bird
0.0 594.56 18.547745 620.8 Bird
2.558475 210.56 16.62906 231.68 Bird
21.74601 690.56 30.70033 704.64 Bird
39.65465 676.48 53.08613 690.56 Bird
42.85223 680.32 63.959135 701.44 Bird
53.08613 540.16 78.02971999999998 559.36 Bird
58.842185 575.36 74.83214000000001 591.36 Bird
70.99408500000001 638.08 81.22798499999999 652.16 Bird
72.273665 661.12 86.34425 676.48 Bird
78.02971999999998 596.48 88.90272499999999 607.36 Bird
101.05530999999999 605.44 120.242845 627.84 Bird
129.197165 612.48 144.54733 626.56 Bird
136.2328 593.28 151.582965 613.76 Bird
156.69923 128.0 182.9224 172.16 Bird
163.73486499999999 633.6 184.841085 656.0 Bird
177.80613499999998 605.44 198.912355 624.64 Bird
178.44524 455.68 195.71408999999997 480.0 Bird
198.912355 666.24 212.98293999999999 689.28 Bird
204.66841 481.92 216.820995 501.12 Bird
209.14557 500.48 234.089845 528.64 Bird
210.42515 278.4 231.53137 304.64 Bird
243.04416500000002 425.6 270.54623 460.8 Bird
246.24174499999998 607.36 263.510595 620.8 Bird
258.39433 482.56 267.347965 495.36 Bird
259.673225 247.04 275.66318 275.2 Bird
270.54623 436.48 286.53618500000005 450.56 Bird
276.30228500000004 359.04 298.688085 387.2 Bird
283.33791999999994 415.36 321.713675 456.96 Bird
289.733765 698.24 299.967665 705.28 Bird
312.759355 352.0 338.98252499999995 385.28 Bird
319.79430499999995 652.8 335.14446999999996 664.96 Bird
322.99257000000006 699.52 342.180105 715.52 Bird
324.911255 607.36 342.180105 627.84 Bird
342.180105 496.64 358.17006 515.84 Bird
346.017475 512.64 356.251375 526.72 Bird
346.017475 378.88 358.17006 396.8 Bird
346.017475 631.68 365.20569500000005 643.84 Bird
349.21574000000004 612.48 365.20569500000005 627.84 Bird
351.13442499999996 699.52 363.286325 710.4 Bird
355.611585 287.36 413.174875 360.96 Bird
360.72853499999997 196.48 411.895295 252.16 Bird
373.52022500000004 373.76 396.5451299999999 400.0 Bird
377.357595 533.76 389.509495 552.96 Bird
380.55586000000005 445.44 394.626445 461.44 Bird
382.474545 659.84 391.428865 668.16 Bird
384.39323 582.4 394.626445 600.32 Bird
387.59081000000003 522.88 408.697715 542.08 Bird
398.46381499999995 549.12 411.895295 565.12 Bird
399.743395 629.76 415.732665 641.92 Bird
410.6164 631.68 420.84961500000003 645.76 Bird
415.732665 505.6 434.920885 531.84 Bird
443.23541500000005 348.16 469.45858499999997 385.28 Bird
445.15409999999997 586.24 456.027105 600.32 Bird
464.341635 520.96 485.44785499999995 550.4 Bird
480.33159 442.24 496.321545 464.64 Bird
483.52917 488.32 499.51912500000003 507.52 Bird
499.51912500000003 529.28 520.6253449999999 543.36 Bird
503.356495 551.04 516.7879750000001 572.16 Bird
506.55476000000004 382.72 523.82361 401.92 Bird
511.671025 438.4 534.6966150000001 468.48 Bird
518.70666 667.52 535.97551 683.52 Bird
529.579665 363.52 544.92983 377.6 Bird
534.6966150000001 421.12 543.011145 431.36 Bird
537.894195 501.76 544.92983 510.08 Bird
543.011145 496.0 562.19868 513.92 Bird
548.7672 526.08 583.305585 561.28 Bird
553.88415 608.64 559.0011 619.52 Bird
553.88415 462.72 574.9903700000001 475.52 Bird
557.0824150000001 488.96 564.1173650000001 496.0 Bird
560.9197849999999 71.68 611.44744 136.32 Bird
562.19868 499.84 583.305585 515.2 Bird
573.071685 435.2 588.4218500000001 443.52 Bird
580.10732 571.52 590.340535 585.6 Bird
580.10732 522.24 594.17859 533.12 Bird
588.4218500000001 423.04 606.33049 454.4 Bird
595.457485 627.2 609.5287549999999 634.24 Bird
595.457485 515.2 614.6450199999999 535.04 Bird
597.37617 541.44 614.6450199999999 550.4 Bird
601.21354 576.64 614.6450199999999 583.68 Bird
608.2491749999999 431.36 627.43671 457.6 Bird
618.48239 662.4 647.903825 678.4 Bird
621.6806549999999 424.32 639.589295 443.52 Bird
625.518025 370.56 653.65988 400.0 Bird
628.7162900000001 338.56 654.9394599999999 366.72 Bird
628.7162900000001 295.04 661.9750950000001 331.52 Bird
630.6349749999999 449.28 649.82251 469.76 Bird
631.91387 175.36 651.10209 203.52 Bird
665.812465 643.2 684.36021 669.44 Bird
677.964365 312.32 684.36021 352.64 Bird
677.964365 599.68 684.36021 604.8 Bird
681.16263 286.08 684.36021 291.84 Bird
