830.72 483.097511 890.88 575.3605660000001 Bird
261.12 212.07628100000002 295.04 283.195022 Bird
295.04 242.189751 351.36 309.464568 Bird
330.24 473.48701800000003 367.36 538.198536 Bird
431.36 188.36935099999997 487.68 278.06910700000003 Bird
472.32 240.90776 527.36 326.76359199999996 Bird
487.68 334.45212300000003 538.88 424.79253300000005 Bird
522.24 509.367057 582.4 576.00122 Bird
570.24 448.49878 621.44 499.755881 Bird
584.96 490.78604199999995 640.0 535.6359199999999 Bird
806.4 251.800244 871.04 325.482284 Bird
898.56 617.0064910000001 960.0 677.233431 Bird
998.4 310.745876 1023.36 367.12820899999997 Bird
