67.584 377.856 78.848 405.504 Bird
77.824 375.807744 84.992 393.216 Bird
309.248 377.856 331.776 408.576 Bird
330.752 397.31174400000003 356.352 427.00800000000004 Bird
367.616 382.97625600000003 393.216 410.624256 Bird
367.616 405.504 412.672 433.15199999999993 Bird
432.128 397.31174400000003 445.44 432.128256 Bird
461.824 380.928 484.352 412.671744 Bird
491.52 391.167744 530.432 424.959744 Bird
550.912 380.928 560.128 412.671744 Bird
628.736 397.31174400000003 644.096 427.00800000000004 Bird
683.008 361.472256 697.344 382.97625600000003 Bird
716.8 395.264256 742.4 431.103744 Bird
821.248 405.504 863.232 437.247744 Bird
868.352 386.048256 893.952 424.959744 Bird
927.744 399.36 961.536 428.031744 Bird
