488.32 407.679744 515.2 423.680256 Bird
499.2 382.719744 530.56 398.72025600000006 Bird
516.48 348.159744 537.6 369.920256 Bird
517.76 312.96 542.72 328.32 Bird
521.6 279.680256 550.4 299.52 Bird
532.48 248.319744 561.92 264.320256 Bird
576.0 290.55974399999997 607.36 310.400256 Bird
603.52 319.359744 634.24 336.63974399999995 Bird
640.64 350.079744 665.6 369.920256 Bird
665.6 371.199744 693.76 392.319744 Bird
689.28 381.44025600000003 714.88 403.839744 Bird
713.6 406.400256 746.24 424.959744 Bird
742.4 423.680256 771.84 449.28 Bird
773.12 444.800256 794.24 469.11974399999997 Bird
