356.48 193.280256 385.28 213.12 Bird
413.44 187.520256 435.84 208.640256 Bird
441.6 187.520256 464.0 207.36 Bird
471.68 209.91974399999998 487.68 227.199744 Bird
492.8 208.640256 527.36 224.64 Bird
523.52 216.95999999999998 535.04 235.52025600000002 Bird
535.04 215.679744 558.08 238.07999999999998 Bird
553.6 320.00025600000004 593.28 334.719744 Bird
556.16 223.359744 580.48 241.92000000000002 Bird
577.92 232.959744 589.44 245.76 Bird
585.6 311.04 605.44 327.680256 Bird
593.28 256.640256 613.12 284.15999999999997 Bird
620.16 235.52025600000002 635.52 251.52 Bird
625.28 296.319744 641.28 314.88 Bird
641.28 252.800256 654.08 275.199744 Bird
658.56 252.800256 678.4 266.88 Bird
693.76 281.600256 712.32 296.319744 Bird
719.36 276.48 746.88 295.040256 Bird
746.88 271.359744 757.76 288.0 Bird
754.56 247.040256 768.0 265.599744 Bird
814.08 248.319744 830.08 266.88 Bird
830.08 240.63974399999998 855.68 259.20000000000005 Bird
