47.148032 159.157824 108.29312 214.421088 Bird
145.86470400000002 159.157824 181.962752 204.842064 Bird
296.150016 159.157824 332.98432 206.31576 Bird
314.566656 132.631632 425.070592 214.421088 Bird
443.488256 152.526192 492.84608 202.63152 Bird
468.535296 106.105104 503.159808 137.789568 Bird
617.347072 149.5788 665.23136 177.579024 Bird
683.649024 187.89489600000002 729.32352 241.684128 Bird
861.191168 182.73696 914.9696 241.684128 Bird
896.55296 195.999888 936.3333119999999 261.579024 Bird
954.7509759999999 189.368256 1010.002944 251.263152 Bird
