317.44 106.26490399999999 478.08 296.388444 Bird
67.84 426.97853200000003 254.08 574.8527040000001 Bird
71.68 113.306004 320.0 316.87302800000003 Bird
256.64 404.57364799999993 466.56 635.667048 Bird
513.92 172.200048 732.16 302.150036 Bird
567.68 444.90271599999994 721.28 581.894496 Bird
691.2 413.53574 903.68 593.416988 Bird
696.32 120.98789600000002 697.6 122.26809600000001 Bird
702.72 117.14729600000001 712.32 119.707696 Bird
713.6 90.90112 723.84 94.74172 Bird
722.56 76.17743599999999 730.88 81.939028 Bird
726.4 56.973052 743.68 68.495544 Bird
730.88 97.30281199999999 837.12 174.760448 Bird
733.44 140.83238 889.6 298.308744 Bird
771.2 74.89723599999999 789.76 80.658828 Bird
