28.8 324.58734 62.72 357.23798 Bird
177.92 287.45485999999994 231.68 357.23798 Bird
267.52 358.51876500000003 318.72 401.41265999999996 Bird
320.0 493.603165 367.36 527.53459 Bird
373.76 338.67174000000006 423.68 383.48651 Bird
377.6 304.74092 403.84 333.550415 Bird
458.88 311.14303 487.68 333.550415 Bird
491.52 243.920875 527.36 273.37046000000004 Bird
596.48 270.169405 629.76 306.02109999999993 Bird
689.92 219.59261500000002 718.72 248.40210999999996 Bird
787.2 302.179955 855.04 343.79367 Bird
842.24 236.23798000000002 889.6 261.20633000000004 Bird
886.4 215.11138 935.04 249.68228999999997 Bird
935.04 322.66646499999996 999.68 348.9156 Bird
