71.04 351.99974399999996 239.36 542.7202560000001 Bird
0.0 86.4 37.76 106.23974399999999 Bird
48.64 155.52 98.56 183.03974399999998 Bird
61.44 99.84 101.12 131.19974399999998 Bird
143.36 88.959744 193.92 128.64000000000001 Bird
149.12 71.679744 196.48 106.23974399999999 Bird
259.84 127.35974399999998 332.8 153.60000000000002 Bird
295.68 65.28 357.76 88.959744 Bird
331.52 324.48 476.8 384.0 Bird
409.6 117.12 503.04 180.48 Bird
426.88 50.559744 724.48 156.80025600000002 Bird
511.36 152.319744 561.28 183.03974399999998 Bird
620.8 177.920256 656.64 206.720256 Bird
724.48 350.720256 871.04 381.44025600000003 Bird
758.4 83.84025600000001 858.88 133.76025600000003 Bird
887.04 60.159744 942.72 88.959744 Bird
926.72 62.72025599999999 992.64 92.799744 Bird
934.4 41.600255999999995 965.12 65.28 Bird
970.24 72.96000000000001 1020.8 94.08 Bird
975.36 23.04 1023.36 39.039744 Bird
