144.64 388.343076 225.92 443.364108 Bird
89.6 344.838978 138.24 367.231084 Bird
240.64 245.67345 281.6 263.587544 Bird
315.52 57.579896000000005 416.64 129.87462399999998 Bird
334.08 379.38637 384.0 400.499044 Bird
396.8 99.804562 458.24 175.938268 Bird
440.32 10.875854 458.24 30.06938 Bird
481.92 367.231084 601.6 417.133024 Bird
508.16 534.2119640000001 600.32 615.463398 Bird
556.8 77.41245599999999 593.92 95.966266 Bird
949.12 305.81221 1017.6 335.88158999999996 Bird
952.96 313.489484 1000.32 342.279432 Bird
