702.72 520.959744 816.64 629.76 Bird
0.0 446.72025600000006 40.96 494.079744 Bird
0.0 574.719744 53.76 601.599744 Bird
2.56 221.43974400000002 92.16 339.200256 Bird
166.4 85.760256 254.72 176.64000000000001 Bird
184.32 341.76 203.52 360.96 Bird
209.92 244.47974399999998 276.48 336.63974399999995 Bird
300.8 683.52 354.56 714.24 Bird
314.88 115.19999999999999 422.4 296.96025599999996 Bird
335.36 400.640256 418.56 433.91999999999996 Bird
385.28 244.47974399999998 450.56 359.679744 Bird
387.84 599.04 442.88 656.64 Bird
409.6 494.079744 468.48 540.159744 Bird
439.04 586.239744 536.32 632.319744 Bird
456.96 44.799744000000004 495.36 76.80000000000001 Bird
488.96 174.08025600000002 600.32 294.399744 Bird
558.08 55.040256 601.6 104.96025600000002 Bird
588.8 398.079744 646.4 454.400256 Bird
593.92 107.52000000000001 695.04 167.679744 Bird
647.68 618.24 693.76 647.679744 Bird
719.36 241.92000000000002 780.8 372.48 Bird
733.44 279.03974400000004 825.6 371.199744 Bird
741.12 25.599744 855.04 83.199744 Bird
824.32 318.71999999999997 993.28 380.15999999999997 Bird
860.16 377.600256 938.24 482.559744 Bird
893.44 494.079744 942.08 527.360256 Bird
977.92 341.76 1022.72 385.280256 Bird
995.84 15.36 1022.72 58.880256 Bird
1007.36 99.84 1022.72 148.479744 Bird
