42.24 116.60046000000001 110.72 180.666757 Bird
139.52 113.39724 193.28 193.47990799999997 Bird
193.28 93.53673400000001 247.04 184.510621 Bird
235.52 105.709241 291.84 181.94804499999998 Bird
380.8 110.83439299999999 429.44 187.073197 Bird
439.04 114.67852800000001 470.4 180.02611299999998 Bird
453.12 104.427953 503.04 181.94804499999998 Bird
470.4 113.39724 555.52 194.76119599999998 Bird
555.52 126.210391 616.96 183.22933299999997 Bird
567.68 127.49167899999999 647.68 178.744554 Bird
588.16 113.39724 677.76 180.02611299999998 Bird
611.84 101.22446199999999 665.6 178.744554 Bird
656.64 113.39724 705.28 178.744554 Bird
688.0 83.28615900000001 764.16 188.354485 Bird
725.12 90.97388699999999 755.2 159.52469200000002 Bird
728.96 101.22446199999999 816.64 185.791909 Bird
778.88 108.271817 820.48 180.02611299999998 Bird
805.12 115.959816 864.0 183.22933299999997 Bird
826.88 104.427953 922.88 181.94804499999998 Bird
851.84 93.53673400000001 911.36 201.167907 Bird
