0.64 502.959834 24.96 515.1329430000001 Bird
42.24 411.337433 67.2 425.43318700000003 Bird
64.64 198.62118100000004 87.04 215.279551 Bird
103.68 346.62591499999996 124.8 354.9551 Bird
178.56 316.51244499999996 200.96 332.530161 Bird
179.84 135.190288 193.28 146.082772 Bird
233.6 213.998243 256.0 231.29726699999998 Bird
239.36 440.16959499999996 275.84 460.03191799999996 Bird
295.68 287.68028300000003 320.64 304.979307 Bird
298.24 270.380576 332.16 286.398975 Bird
378.24 246.674329 399.36 262.692045 Bird
402.56 216.560859 428.8 232.57857500000003 Bird
410.88 382.505271 428.16 408.774817 Bird
429.44 255.00351399999997 459.52 276.147145 Bird
479.36 609.31796 504.32 622.7730600000001 Bird
638.08 132.627672 673.28 152.48999500000002 Bird
652.16 83.933187 679.68 105.717472 Bird
674.56 328.685554 700.8 341.5 Bird
693.12 236.42318200000003 723.2 260.129429 Bird
889.6 39.723963000000005 920.32 57.664324 Bird
