591.36 347.266569 657.28 560.6241580000001 Bird
658.56 417.104002 696.32 556.138897 Bird
698.88 467.079795 750.08 520.899512 Bird
726.4 449.780771 773.76 477.330942 Bird
728.96 424.79253300000005 750.08 464.517179 Bird
748.8 453.62469500000003 772.48 514.492289 Bird
767.36 424.79253300000005 780.16 451.06207900000004 Bird
771.2 440.81024899999994 791.04 474.768326 Bird
791.04 440.81024899999994 801.28 477.330942 Bird
794.88 404.289556 813.44 440.81024899999994 Bird
813.44 379.302001 838.4 430.559102 Bird
818.56 433.121718 839.68 477.330942 Bird
826.24 424.79253300000005 842.24 456.828648 Bird
