430.08 260.95212000000004 486.4 334.505365 Bird
283.52 67.156715 311.04 110.648735 Bird
296.96 331.94689 325.76 383.11364999999995 Bird
308.48 165.65355000000002 334.72 211.704045 Bird
309.76 24.944274999999998 341.76 77.390615 Bird
320.64 274.3836 355.84 334.505365 Bird
323.2 172.04939500000003 353.28 216.820995 Bird
329.6 101.05530999999999 366.08 154.78054500000002 Bird
334.72 214.26252000000002 370.56 265.42928 Bird
349.44 77.390615 383.36 124.72000500000001 Bird
455.68 410.6164 488.32 450.27105 Bird
465.92 347.936845 497.28 406.77903 Bird
514.56 447.712575 548.48 489.28591 Bird
567.04 484.16896 606.72 541.73225 Bird
661.76 590.340535 694.4 625.518025 Bird
730.88 612.7263350000001 758.4 646.6249300000001 Bird
859.52 654.29967 892.8 684.36021 Bird
895.36 510.39212999999995 929.28 561.559575 Bird
1018.24 345.37837 1023.36 363.286325 Bird
