195.84 139.61808 250.88 198.53920799999997 Bird
67.84 134.494236 93.44 149.86508400000002 Bird
103.68 290.764296 138.24 316.38214800000003 Bird
197.12 409.887684 247.04 452.157516 Bird
231.68 471.371076 280.32 532.853784 Bird
285.44 183.16836 316.16 201.10078800000002 Bird
344.32 376.584408 381.44 400.921128 Bird
391.68 441.90982800000006 431.36 472.65152399999994 Bird
448.0 616.112316 501.76 650.696724 Bird
456.96 420.134688 497.92 448.314804 Bird
460.8 81.9774 488.96 107.595252 Bird
477.44 595.6176240000001 514.56 621.2361599999999 Bird
487.68 514.9213560000001 512.0 539.2587599999999 Bird
510.72 532.853784 545.28 555.910056 Bird
546.56 529.011072 579.84 562.314348 Bird
550.4 226.719324 583.68 258.741468 Bird
563.2 133.213788 597.76 158.83164 Bird
576.0 659.662596 613.12 682.718868 Bird
652.8 586.651752 688.64 623.79774 Bird
684.8 511.07864399999994 733.44 548.2246319999999 Bird
716.8 17.932428 761.6 46.112544 Bird
719.36 575.123616 760.32 613.5507360000001 Bird
741.12 349.68542399999995 787.2 386.831412 Bird
750.08 507.23593199999993 792.32 536.696496 Bird
773.12 146.022372 817.92 175.482936 Bird
803.84 440.62937999999997 839.68 468.80881200000005 Bird
824.32 320.22486 851.2 350.966556 Bird
865.28 415.011528 908.8 441.90982800000006 Bird
904.96 65.326104 952.32 112.719096 Bird
