48.047104 36.046875 363.35513599999996 165.215036 Bird
0.0 189.246286 138.134528 243.316214 Bird
228.222976 378.492572 324.317184 405.52753599999994 Bird
306.29888 159.206839 477.466624 240.3125 Bird
336.328704 354.461322 624.610304 435.56621400000006 Bird
396.38732799999997 573.7462859999999 597.5838719999999 714.930072 Bird
474.463232 513.6681609999999 615.601152 633.824411 Bird
549.5367679999999 375.488089 747.72992 426.555072 Bird
672.657408 555.7224640000001 1017.99424 750.976178 Bird
774.756352 234.30507200000002 1020.996608 309.402536 Bird
