684.16 372.894778 753.28 492.708004 Bird
30.08 314.5898 62.72 364.565593 Bird
57.6 312.027184 122.88 362.00297699999993 Bird
111.36 338.29673 161.28 372.254124 Bird
247.68 328.0449 288.64 386.990532 Bird
270.08 335.733431 312.32 356.877062 Bird
339.84 360.721669 392.32 415.82269400000007 Bird
351.36 278.06910700000003 398.72 305.619961 Bird
391.04 267.17730600000004 416.0 309.464568 Bird
407.68 280.632406 433.92 309.464568 Bird
456.32 269.739922 487.68 319.715715 Bird
482.56 288.320937 513.92 325.482284 Bird
511.36 265.89599799999996 533.76 304.33865299999997 Bird
517.76 278.06910700000003 556.16 318.434407 Bird
545.28 274.225183 582.4 315.87179100000003 Bird
583.68 265.89599799999996 612.48 319.715715 Bird
599.68 278.06910700000003 629.76 322.278331 Bird
615.04 262.05139099999997 629.76 292.16486100000003 Bird
627.2 272.943875 654.72 319.715715 Bird
653.44 272.943875 683.52 315.87179100000003 Bird
702.72 279.351098 726.4 320.997023 Bird
718.72 317.153099 797.44 364.565593 Bird
793.6 200.54314300000001 867.2 235.78252799999999 Bird
843.52 540.761835 937.6 629.820937 Bird
890.88 297.93143000000003 917.12 384.42791600000004 Bird
