908.8 340.79999999999995 998.4 417.59999999999997 Bird
28.8 369.6 91.199488 443.199744 Bird
102.4 345.6 176.0 419.199744 Bird
123.19948799999999 342.399744 187.199488 395.199744 Bird
179.2 337.599744 246.4 409.599744 Bird
195.2 334.400256 246.4 384.0 Bird
252.8 327.99974399999996 308.799488 396.800256 Bird
315.200512 327.99974399999996 364.8 384.0 Bird
368.0 334.400256 411.200512 393.59999999999997 Bird
401.60051200000004 339.200256 440.000512 387.200256 Bird
433.60051200000004 316.79999999999995 600.000512 372.800256 Bird
473.6 345.6 537.6 403.20000000000005 Bird
580.799488 337.599744 651.200512 401.60025599999994 Bird
