17.600512 505.6 388.799488 807.999488 Bird
0.0 516.799488 88.000512 699.200512 Bird
0.0 27.200512 139.199488 193.600512 Bird
0.0 801.599488 212.800512 1022.4005119999999 Bird
68.800512 14.399488 368.0 256.0 Bird
240.0 800.0 508.8 1022.4005119999999 Bird
284.8 504.000512 583.999488 779.200512 Bird
312.000512 14.399488 585.6 228.800512 Bird
494.39948799999996 822.4 740.799488 1022.4005119999999 Bird
504.000512 515.2 836.799488 807.999488 Bird
515.2 7.999488 828.8 254.399488 Bird
742.4 812.8 1022.4005119999999 1022.4005119999999 Bird
782.400512 0.0 1022.4005119999999 227.2 Bird
785.599488 502.4 1022.4005119999999 793.6 Bird
