316.75699199999997 479.429974 327.68 488.990951 Bird
352.256 562.7495859999999 361.812992 565.481074 Bird
370.004992 502.64992900000004 378.19699199999997 509.47941800000007 Bird
512.0 411.135084 517.460992 422.06180500000005 Bird
520.192 371.523894 529.748992 381.08564000000007 Bird
525.652992 475.331973 536.576 482.161462 Bird
592.555008 420.69606099999993 636.244992 450.746274 Bird
686.763008 394.74461800000006 699.051008 400.20759400000003 Bird
694.955008 307.327005 704.512 318.253726 Bird
716.8 398.84185 723.627008 408.402827 Bird
750.932992 337.37644900000004 785.067008 370.15815 Bird
