128.0 312.07014399999997 165.12 355.64441600000004 Bird
142.72 303.09888 172.8 333.216768 Bird
175.36 292.84608 205.44 324.245504 Bird
217.6 287.719424 240.0 321.68192 Bird
270.08 304.380416 300.16 337.061376 Bird
281.6 291.564544 300.16 312.07014399999997 Bird
307.84 278.107648 326.4 310.788608 Bird
310.4 247.98976000000002 327.68 275.54457599999995 Bird
347.52 296.69068799999997 369.28 322.963968 Bird
371.2 271.699456 386.56 304.380416 Bird
395.52 292.84608 412.8 312.07014399999997 Bird
424.96 308.225536 445.44 341.547008 Bird
442.88 279.389184 469.12 300.53580800000003 Bird
446.72 316.555776 466.56 333.216768 Bird
448.0 290.283008 464.0 316.555776 Bird
511.36 270.41792000000004 531.2 291.564544 Bird
551.68 261.446656 562.56 284.51583999999997 Bird
593.92 296.69068799999997 611.2 324.245504 Bird
618.88 275.54457599999995 647.68 297.97222400000004 Bird
662.4 259.524608 682.88 283.233792 Bird
697.6 281.95225600000003 717.44 313.992704 Bird
802.56 265.29177599999997 819.84 292.84608 Bird
812.8 274.26304 827.52 304.380416 Bird
995.84 302.457856 1018.24 328.09011200000003 Bird
