14.089216 174.72 109.50860800000001 449.91974400000004 Bird
68.52300799999999 381.44025600000003 249.755648 494.079744 Bird
145.371136 261.12 228.62336000000002 406.400256 Bird
207.490048 229.11974400000003 290.741248 443.52 Bird
289.461248 412.79999999999995 459.16672 495.36 Bird
324.042752 185.600256 571.877376 432.63974399999995 Bird
548.82304 192.0 692.273152 422.40000000000003 Bird
713.40544 183.03974399999998 929.220608 456.96 Bird
743.504896 335.36025600000005 929.220608 563.840256 Bird
892.0780800000001 245.12025600000004 1020.1579519999999 426.24 Bird
933.0636800000001 167.04 1022.718976 380.15999999999997 Bird
