28
0 50 55 149 Person
0 306 179 495 Person
7 115 128 328 Person
26 69 98 155 Person
89 23 151 101 Person
98 230 260 410 Person
128 59 214 234 Person
196 37 260 209 Person
230 295 415 494 Person
260 149 371 277 Person
310 240 435 423 Person
338 156 402 237 Person
368 193 435 338 Person
401 150 561 350 Person
440 139 492 177 Person
442 295 609 514 Person
517 225 619 413 Person
543 182 651 317 Person
546 115 627 217 Person
581 147 684 274 Person
593 31 689 226 Person
605 232 753 417 Person
614 200 910 799 Person
692 182 769 310 Person
728 127 813 236 Person
747 107 839 241 Person
865 127 988 324 Person
986 160 1023 291 Person
