30
0 666 64 791 Person
0 672 78 799 Person
176 659 276 799 Person
277 254 321 322 Person
307 618 406 796 Person
357 344 386 488 Person
378 332 432 398 Person
378 178 439 322 Person
428 313 501 401 Person
483 558 546 788 Person
504 576 572 799 Person
554 521 625 740 Person
603 260 657 380 Person
656 194 696 314 Person
689 413 736 480 Person
693 242 739 387 Person
707 190 743 309 Person
739 618 820 799 Person
742 411 801 495 Person
775 255 818 388 Person
812 324 845 390 Person
832 331 861 454 Person
854 340 885 459 Person
880 550 943 777 Person
890 326 929 466 Person
927 326 957 400 Person
929 386 983 463 Person
953 334 984 449 Person
961 574 1023 796 Person
979 334 1020 456 Person
