31
180 256 323 659 Person
0 316 38 389 Person
0 149 84 365 Person
39 139 85 205 Person
62 156 108 243 Person
68 177 223 410 Person
110 140 179 205 Person
172 132 211 215 Person
177 103 231 168 Person
197 105 315 330 Person
207 99 279 145 Person
290 135 316 184 Person
294 243 443 473 Person
300 117 333 161 Person
311 668 451 799 Person
318 158 383 237 Person
332 114 374 167 Person
358 136 409 212 Person
364 219 468 330 Person
391 155 456 221 Person
448 149 512 302 Person
481 128 528 178 Person
514 194 604 320 Person
514 350 766 778 Person
518 96 589 242 Person
581 90 624 239 Person
594 208 705 332 Person
653 96 714 270 Person
678 128 774 323 Person
710 264 838 609 Person
715 196 824 336 Person
