25
0 239 32 307 Person
56 58 94 110 Person
67 112 97 147 Person
90 55 124 114 Person
124 286 149 371 Person
174 354 209 432 Person
177 264 222 339 Person
250 282 577 687 Person
263 181 304 254 Person
291 16 320 61 Person
387 26 408 76 Person
403 23 432 68 Person
453 0 485 47 Person
561 0 602 43 Person
563 51 600 119 Person
602 62 629 98 Person
650 104 675 142 Person
666 261 698 329 Person
762 285 794 371 Person
784 267 832 325 Person
791 285 819 325 Person
913 247 945 297 Person
938 125 972 153 Person
967 295 1009 375 Person
993 144 1018 208 Person
