32
83 346 111 401 Person
119 325 154 365 Person
147 526 180 602 Person
154 276 184 354 Person
170 377 220 465 Person
208 276 242 330 Person
216 220 230 258 Person
231 370 266 457 Person
251 234 270 320 Person
280 600 326 683 Person
282 225 309 287 Person
392 263 412 346 Person
392 604 427 688 Person
400 396 431 443 Person
403 439 439 472 Person
405 534 451 612 Person
497 209 516 289 Person
544 702 611 799 Person
574 493 636 639 Person
668 232 697 323 Person
695 724 772 799 Person
705 361 755 512 Person
753 686 793 752 Person
762 423 812 493 Person
771 728 823 799 Person
778 332 817 448 Person
785 453 832 523 Person
848 421 897 500 Person
876 599 935 671 Person
944 697 1023 799 Person
945 498 992 570 Person
968 610 1023 709 Person
